3727172.898
3727172.898
3727172.898
3727172.898
3727172.898
3727172.898
3727172.898
3727172.898
3727172.898
3727172.898
3727172.898
3727172.898
3727172.898
3727172.898
3727172.898
3727172.898
3727172.898
3727172.898
3727172.898
3727172.898
3727172.898
3727172.898
3727172.898
3727172.898
3727172.898
3727172.898
3727172.898
3727172.898
3727172.898
3727172.898
3727172.898
3727172.898
3727172.898
3727172.898
3727172.898
3727172.898
3727172.898
3727172.898
3727172.898
3727172.898
3727172.898
3727172.898
3727172.898
3727172.898
3727172.898
3727172.898
3727172.898
3727172.898
3727172.898
3727172.898
3727172.898
3727172.898
3727172.898
3727172.898
3727172.898
3727172.898
3727172.898
3727172.898
3727172.898
3727172.898
3727172.898
3727172.898
3727172.898
3727172.898
3727172.898
3727172.898
3727172.898
3727172.898
3727172.898
3727172.898
3727172.898
3727172.898
3727172.898
3727172.898
3727172.898
3727172.898
3727172.898
3727172.898
3727172.898
3727172.898
3727172.898
3727172.898
3727172.898
3727172.898
3727172.898
3727172.898
3727172.898
3727172.898
3727172.898
3727172.898
3727172.898
3727172.898
3727172.898
3727172.898
3727172.898
3727172.898
3727172.898
3727172.898
3727172.898
3727172.898
3727172.898
3727172.898
3727172.898
3727172.898
3727172.898
3727172.898
3727172.898
3727172.898
3727172.898
3727172.898
3727172.898
3727172.898
3727172.898
3727172.898
3727172.898
3727172.898
3727172.898
3727172.898
3727172.898
3727172.898
3727172.898
3727172.898
3727172.898
3727172.898
3727172.898
3727172.898
3727172.898
3727172.898
3727172.898
3727172.898
3727172.898
3727172.898
3727172.898
3727172.898
3727172.898
3727172.898
3727172.898
3727172.898
3727172.898
3727172.898
3727172.898
3727172.898
3727172.898
3727172.898
3727172.898
3727172.898
3727172.898
3727172.898
3727172.898
3727172.898
3727172.898
3727172.898
3727172.898
3727172.898
3727172.898
3727172.898
3727172.898
3727172.898
3727172.898
3727172.898
3727172.898
3727172.898
3727172.898
3727172.898
3727172.898
3727172.898
3727172.898
3727172.898
3727172.898
3727172.898
3727172.898
3727172.898
3727172.898
3727172.898
3727172.898
3727172.898
3727172.898
3727172.898
3727172.898
3727172.898
3727172.898
3727172.898
3727172.898
3727172.898
3727172.898
3727172.898
3727172.898
3727172.898
3727172.898
3727172.898
3727172.898
3727172.898
3727172.898
3727172.898
3727172.898
3727172.898
3727172.898
3727172.898
3727172.898
3727172.898
3727172.898
3727172.898
3727172.898
3727172.898
3727172.898
3727172.898
3727172.898
3727172.898
3727172.898
3727172.898
3727172.898
3727172.898
3727172.898
3727172.898
3727172.898
3727172.898
3727172.898
3727172.898
3727172.898
3727172.898
3727172.898
3727172.898
3727172.898
3727172.898
3727172.898
3727172.898
3727172.898
3727172.898
3727172.898
3727172.898
3727172.898
3727172.898
3727172.898
3727172.898
3727172.898
3727172.898
3727172.898
3727172.898
3727172.898
3727172.898
3727172.898
3727172.898
3727172.898
3727172.898
3727172.898
3727172.898
3727172.898
3727172.898
3727172.898
3727172.898
3727172.898
3727172.898
3727172.898
3727172.898
3727172.898
3727172.898
3727172.898
3727172.898
3727172.898
3727172.898
3727172.898
3727172.898
3727172.898
3727172.898
3727172.898
3727172.898
3727172.898
3727172.898
3727172.898
3727172.898
3727172.898
3727172.898
3727172.898
3727172.898
3727172.898
3727172.898
3727172.898
3727172.898
3727172.898
3727172.898
3727172.898
3727172.898
3727172.898
3727172.898
3727172.898
3727172.348
3727170.419
3727167.086
3727162.349
3727156.198
3727148.608
3727139.568
3727129.060
3727117.042
3727103.501
3727088.391
3727071.684
3727053.324
3727033.264
3727011.447
3726987.821
3726962.309
3726934.836
3726905.323
3726873.663
3726839.770
3726803.517
3726764.769
3726723.397
3726679.237
3726632.103
3726581.806
3726528.110
3726470.753
3726409.461
3726343.900
3726273.680
3726198.366
3726117.452
3726030.332
3725936.313
3725834.852
3725729.673
3725622.081
3725511.988
3725399.338
3725284.055
3725166.077
3725045.304
3724921.665
3724795.092
3724665.476
3724532.737
3724396.800
3724257.543
3724114.881
3723968.727
3723818.945
3723665.443
3723508.123
3723346.839
3723181.483
3723011.928
3722838.065
3722659.721
3722476.777
3722289.102
3722096.513
3721898.868
3721696.026
3721487.780
3721273.974
3721054.447
3720828.968
3720597.362
3720359.445
3720114.961
3719863.714
3719605.471
3719340.019
3719067.057
3718786.351
3718497.662
3718200.651
3717895.050
3717580.585
3717256.877
3716923.624
3716580.509
3716227.103
3715863.064
3715488.030
3715101.516
3714703.126
3714292.403
3713868.922
3713432.102
3712981.467
3712516.519
3712036.602
3711541.159
3711029.618
3710501.223
3709955.335
3709391.285
3708808.204
3708205.349
3707581.938
3706936.966
3706269.566
3705578.755
3704863.570
3704122.783
3703355.313
3702560.018
3701735.471
3700880.386
3699993.415
3699072.872
3698117.231
3697124.876
3696093.815
3695022.213
3693908.134
3692749.198
3691543.194
3690287.649
3688980.065
3687617.384
3686196.721
3684715.004
3683168.514
3681553.694
3679866.734
3678103.054
3676258.209
3674327.425
3672304.985
3670185.269
3667962.199
3665635.009
3663246.147
3660804.088
3658308.024
3655756.686
3653149.419
3650485.126
3647763.131
3644982.323
3642141.730
3639240.923
3636278.321
3633253.614
3630166.065
3627014.004
3623797.252
3620514.714
3617165.624
3613749.648
3610264.819
3606711.642
3603087.894
3599393.980
3595628.575
3591791.473
3587881.100
3583897.103
3579839.094
3575705.146
3571496.252
3567210.282
3562847.392
3558406.933
3553887.192
3549288.225
3544610.161
3539850.970
3535011.770
3530090.321
3525086.506
3520000.235
3514830.090
3509577.254
3504240.217
3498817.139
3493309.209
3487716.142
3482037.585
3476271.267
3470418.443
3464478.559
3458453.150
3452337.102
3446133.984
3439843.006
3433463.165
3426993.215
3420434.659
3413789.341
3407052.601
3400225.863
3393306.962
3386301.560
3379207.818
3372023.165
3364744.103
3357377.382
3349925.781
3342379.215
3334745.955
3327020.903
3319205.716
3311302.647
3303315.063
3295233.390
3287057.183
3278807.871
3270443.682
3262020.513
3253445.758
3244877.308
3238057.483
3231246.095
3224341.300
3217405.369
3210375.979
3203337.635
3196218.436
3189062.067
3181864.971
3174599.026
3167293.830
3159936.744
3152518.959
3145062.869
3137558.515
3130006.887
3122400.829
3114750.053
3107055.265
3099310.235
3091523.196
3083688.391
3075807.232
3067881.007
3059910.921
3051898.130
3043843.735
3035743.633
3027599.312
3019417.055
3011193.045
3002924.012
2994616.033
2986270.286
2977883.713
2969461.855
2960997.705
2952496.852
2943956.718
2935382.580
2926771.917
2918122.567
2909439.634
2900724.423
2891974.835
2883188.985
2874371.730
2865521.244
2856639.000
2847726.461
2838782.042
2829807.263
2820800.692
2811769.704
2802707.080
2793614.486
2784496.268
2775351.212
2766180.812
2756981.384
2747759.741
2738509.750
2729235.607
2719938.898
2710618.745
2701274.388
2691909.806
2682519.630
2673110.171
2663678.515
2654228.555
2644755.328
2635264.902
2625752.541
2616224.172
2606675.239
2597109.528
2587526.740
2577924.604
2568308.824
2558673.385
2549023.919
2539358.384
2529678.578
2519982.605
2510272.315
2500549.502
2490810.675
2481140.086
2471597.288
2462181.873
2452888.539
2443713.860
2434656.193
2425709.220
2416873.172
2408142.067
2399516.333
2390991.849
2382566.141
2374238.305
2366003.133
2357861.370
2349809.463
2341845.398
2333967.243
2326173.147
2318462.684
2310831.375
2303280.279
2295806.425
2288409.563
2281085.549
2273835.575
2266656.901
2259548.165
2252508.057
2245536.550
2238631.148
2231790.642
2225013.863
2218299.702
2211648.249
2205057.223
2198525.589
2192053.488
2185637.642
2179279.410
2172976.679
2166729.670
2160536.402
2154395.989
2148307.607
2142270.437
2136284.776
2130348.767
2124461.628
2118623.692
2112833.176
2107089.368
2101392.634
2095741.236
2090134.546
2084571.894
2079053.693
2073578.300
2068145.112
2062754.530
2057404.998
2052095.952
2046827.793
2041599.039
2036409.148
2031258.537
2026145.781
2021070.360
2016032.722
2011031.468
2006066.130
2001137.143
1996243.177
1991383.770
1986559.374
1981768.687
1977012.172
1972288.524
1967597.373
1962939.160
1958312.643
1953718.290
1949154.055
1944622.061
1940119.471
1935648.377
1931206.008
1926793.618
1922410.078
1918055.856
1913729.830
1909432.458
1905162.649
1900920.092
1896705.258
1892517.846
1888356.794
1884221.798
1880112.606
1876030.409
1871972.704
1867940.696
1863934.122
1859951.981
1855994.019
1852060.707
1848151.774
1844266.272
1840403.951
1836565.281
1832749.309
1828956.530
1825185.982
1821438.161
1817712.136
1814008.377
1810326.668
1806666.110
1803026.494
1799408.288
1795810.616
1792233.946
1788678.068
1785142.139
1781625.954
1778129.994
1774654.041
1771197.274
1767760.158
1764341.864
1760942.859
1757562.967
1754201.366
1750857.909
1747533.040
1744226.573
1740937.767
1737667.028
1734413.629
1731177.987
1727959.947
1724758.765
1721574.882
1718407.545
1715257.206
1712123.715
1709006.349
1705905.535
1702821.125
1699752.416
1696699.277
1693662.686
1690641.401
1687635.281
1684644.750
1681669.677
1678709.934
1675764.852
1672834.834
1669919.238
1667018.463
1664132.395
1661260.909
1658403.360
1655559.627
1652730.648
1649915.276
1647113.894
1644325.880
1641552.175
1638791.097
1636044.101
1633310.044
1630589.342
1627881.866
1625187.037
1622505.236
1619836.370
1617180.346
1614536.546
1611905.393
1609286.765
1606680.100
1604085.780
1601503.715
1598933.804
1596375.482
1593829.615
1591294.676
1588772.017
1586261.063
1583761.257
1581272.986
1578795.695
1576330.240
1573875.596
1571432.161
1568999.829
1566578.539
1564167.743
1561767.824
1559378.702
1557000.296
1554632.533
1552274.884
1549927.730
1547590.982
1545264.582
1542948.439
1540642.059
1538345.803
1536060.028
1533783.362
1531517.042
1529260.569
1527013.433
1524776.424
1522548.634
1520330.409
1518121.695
1515922.000
1513732.096
1511551.503
1509379.749
1507217.171
1505063.715
1502919.330
1500783.934
1498657.484
1496539.499
1494430.742
1492330.348
1490239.050
1488156.007
1486081.541
1484015.611
1481958.159
1479909.116
1477868.443
1475835.686
1473811.581
1471795.287
1469787.518
1467787.468
1465795.847
1463811.833
1461835.752
1459867.949
1457907.597
1455955.041
1454010.216
1452073.086
1450143.606
1448221.703
1446307.352
1444400.508
1442501.099
1440609.108
1438724.465
1436846.771
1434976.712
1433113.870
1431258.213
1429409.678
1427568.234
1425733.838
1423906.439
1422085.655
1420272.134
1418465.496
1416665.681
1414872.665
1413086.400
1411307.182
1409534.295
1407768.029
1406008.361
1404255.244
1402508.973
1400768.847
1399035.143
1397308.177
1395587.564
1393872.942
1392164.941
1390463.178
1388767.634
1387078.253
1385395.016
1383717.886
1382046.815
1380381.777
1378723.061
1377069.985
1375423.157
1373782.222
1372147.145
1370517.898
1368894.444
1367276.749
1365664.777
1364058.815
1362458.523
1360863.541
1359274.472
1357690.976
1356113.313
1354540.858
1352973.872
1351412.632
1349856.810
1348306.371
1346761.282
1345221.517
1343687.353
1342158.447
1340634.781
1339116.315
1337603.033
1336094.902
1334592.188
1333094.567
1331602.016
1330114.493
1328632.282
1327154.764
1325682.492
1324215.155
1322753.006
1321295.452
1319843.031
1318395.445
1316952.652
1315514.915
1314081.643
1312653.390
1311230.106
1309811.221
1308397.262
1306987.922
1305583.190
1304183.316
1302787.707
1301396.913
1300010.894
1298629.076
1297251.999
1295879.624
1294511.396
1293147.818
1291788.617
1290433.754
1289083.478
1287737.507
1286395.813
1285058.643
1283725.700
1282396.973
1281072.432
1279752.334
1278436.639
1277124.814
1275817.353
1274513.979
1273214.928
1271919.926
1270628.943
1269342.225
1268059.232
1266780.720
1265506.151
1264235.504
1262968.762
1261706.160
1260447.425
1259192.790
1257941.984
1256694.989
1255452.030
1254212.852
1252977.422
1251745.971
1250518.247
1249294.458
1248074.358
1246858.165
1245645.617
1244436.698
1243231.630
1242030.154
1240832.502
1239638.399
1238448.084
1237261.290
1236078.002
1234898.447
1233722.363
1232549.979
1231381.030
1230215.746
1229053.871
1227895.618
1226740.740
1225589.222
1224441.283
1223296.913
1222155.844
1221018.083
1219883.825
1218753.070
1217625.565
1216501.294
1215380.469
1214263.087
1213148.890
1212037.871
1210930.240
1209825.978
1208724.854
1207627.069
1206532.388
1205441.022
1204352.730
1203267.720
1202185.753
1201107.052
1200031.363
1198958.901
1197889.651
1196823.373
1195760.062
1194700.145
1193642.942
1192589.110
1191538.175
1190490.146
1189445.213
1188403.376
1187364.393
1186328.468
1185295.594
1184265.544
1183238.296
1182214.274
1181193.039
1180174.570
1179159.072
1178146.528
1177136.722
1176129.850
1175125.896
1174124.638
1173126.277
1172130.799
1171137.989
1170148.033
1169160.710
1168176.436
1167194.573
1166215.724
1165239.473
1164266.000
1163295.106
1162327.175
1161361.597
1160398.955
1159438.844
1158481.451
1157526.767
1156574.575
1155625.066
1154678.234
1153733.861
1152792.137
1151853.065
1150916.616
1149982.587
1149051.169
1148122.342
1147195.910
1146272.057
1145350.770
1144432.035
1143515.651
1142601.801
1141690.479
1140781.671
1139875.171
1138971.167
1138069.646
1137170.603
1136274.025
1135379.705
1134487.825
1133598.386
1132711.183
1131826.581
1130944.198
1130064.212
1129186.420
1128311.200
1127438.156
1126567.467
1125699.136
1124833.136
1123969.468
1123107.937
1122248.722
1121391.992
1120537.188
1119684.852
1118834.797
1117986.815
1117141.103
1116297.636
1115456.410
1114617.418
1113780.643
1112945.911
1112113.560
1111283.230
1110455.089
1109629.127
1108805.339
1107983.712
1107164.069
1106346.745
1105531.388
1104718.334
1103907.232
1103098.244
1102291.357
1101486.575
1100683.885
1099883.277
1099084.568
1098288.096
1097493.514
1096701.160
1095910.674
1095122.222
1094335.979
1093551.577
1092769.189
1091988.813
1091210.429
1090434.041
1089659.630
1088887.199
1088116.738
1087348.241
1086581.523
1085816.924
1085054.264
1084293.533
1083534.564
1082777.678
1082022.708
1081269.636
1080518.299
1079769.021
1079021.623
1078275.927
1077532.278
1076790.485
1076050.550
1075312.302
1074576.059
1073841.649
1073109.070
1072378.316
1071649.377
1070922.244
1070196.913
1069473.379
1068751.640
1068031.678
1067313.497
1066597.245
1065882.593
1065169.864
1064458.722
1063749.494
1063041.834
1062336.075
1061632.041
1060929.722
1060229.122
1059530.225
1058833.032
1058137.699
1057443.894
1056751.928
1056061.483
1055372.871
1054685.924
1054000.639
1053317.007
1052635.024
1051954.842
1051276.134
1050599.221
1049923.925
1049250.255
1048578.202
1047907.749
1047238.907
1046571.814
1045906.312
1045242.398
1044580.063
1043919.304
1043260.116
1042602.646
1041946.735
1041292.375
1040639.569
1039988.301
1039338.721
1038690.680
1038044.161
1037399.168
1036755.686
1036113.870
1035473.407
1034834.750
1034197.433
1033561.612
1032927.424
1032294.720
1031663.491
1031033.727
1030405.584
1029778.901
1029153.675
1028530.042
1027907.710
1027286.971
1026667.666
1026049.937
1025433.636
1024818.754
1024205.294
1023593.243
1022982.747
1022373.659
1021766.108
1021159.954
1020555.189
1019951.803
1019349.943
1018749.320
1018150.349
1017552.604
1016956.363
1016361.479
1015768.093
1015176.053
1014585.357
1013995.997
1013408.118
1012821.570
1012236.485
1011652.726
1011070.284
1010489.291
1009909.611
1009331.240
1008754.306
1008178.664
1007604.319
1007031.396
1006459.765
1005889.546
1005320.461
1004752.929
1004186.668
1003621.662
1003057.915
1002495.566
1001934.465
1001374.745
1000816.275
1000259.174
999703.3137
999148.6784
998595.4057
998043.3600
997492.6663
996943.1891
996394.9263
995848.0027
995302.4159
994758.0309
994214.8396
993672.9784
993132.3006
992592.9486
992054.7697
991517.9060
990982.2174
990447.6957
989914.4709
989382.5466
988851.7770
988322.2918
987793.9631
987266.7832
986740.8753
986216.2433
985692.7419
985170.3812
984649.2783
984129.4309
983610.7123
983093.1086
982576.8790
982061.6358
981547.6322
981034.8601
980523.1932
980012.7539
979503.5400
978995.2839
978488.3792
977982.5584
977477.8197
976974.4204
976471.9581
975970.8311
975470.6435
974971.7755
974473.9725
973977.2269
973481.7890
972987.2760
972494.0667
972001.9076
971510.7852
971020.8321
970532.0407
970044.2808
969557.6788
969072.2328
968587.8072
968104.5225
967622.3883
967141.2634
966661.1521
966182.3021
965704.4563
965227.6074
964752.0141
964277.4085
963803.8004
963331.4309
962859.9228
962389.6498
961920.3561
961452.1669
960985.0749
960518.9515
960053.9218
959589.9841
959127.0102
958665.1193
958204.3096
957744.4532
957285.6690
956827.9610
956371.3219
955915.6240
955460.9861
955007.2922
954554.7748
954103.1868
953652.6523
953203.0441
952754.6002
952307.0852
951860.4807
951415.0355
950970.5090
950527.0079
950084.5362
949642.9732
949202.5498
948763.0265
948324.5208
947886.9123
947450.4313
947014.8390
946580.2526
946146.5575
945713.9725
945282.2761
944851.5682
944421.8531
943993.1292
943565.2769
943138.5254
942712.6371
942287.7285
941863.6805
941440.7272
941018.6204
940597.6052
940177.4394
939758.2336
939339.8745
938922.5900
938506.1439
938090.7694
937676.2306
937262.6379
936849.8783
936438.1735
936027.4159
935617.4766
935208.4763
934800.5194
934393.3823
933987.1747
933581.7788
933177.4207
932773.9824
932371.3521
931969.7498
931568.9474
931169.0596
930770.0797
930372.0064
929974.8329
929578.5688
929183.2019
928788.6207
928395.0497
928002.3666
927610.4655
927219.5652
926829.4390
926440.1957
926051.9437
925664.4622
925277.8544
924892.1245
924507.2656
924123.2767
923740.1620
923357.9037
922976.5172
922595.9848
922216.3163
921837.5049
921459.5494
921082.4434
920706.1909
920330.7854
919956.2256
919582.5105
919209.6389
918837.6041
918466.4104
918096.0513
917726.5257
917357.8322
916989.9645
916622.9268
916256.7179
915891.3259
915526.7605
915163.1177
914800.1860
914438.0720
914076.8718
913716.3795
913356.8039
912997.9287
912639.9627
912282.8025
911926.4416
911570.8843
911216.1189
910862.1496
910508.9754
910156.5898
909805.0990
909454.2929
909104.3739
908755.1378
908406.7866
908059.2124
907712.4194
907366.4013
907021.1572
906676.7925
906333.0876
905990.2602
905648.1971
905306.9028
904966.3656
904626.5951
904287.5798
903949.4248
903612.0282
903275.3890
902939.4956
902604.3524
902269.9584
901936.4184
901603.5145
901271.4575
