94.19145182
94.19145182
94.19145182
94.19145182
94.19145182
94.19145182
94.19145182
94.19145182
94.19145182
94.19145182
94.19145182
94.19145182
94.19145182
94.19145182
94.19145182
94.19145182
94.19145182
94.19145182
94.19145182
94.19145182
94.19145182
94.19145182
94.19145182
94.19145182
94.19145182
94.19145182
94.19145182
94.19145182
94.19145182
94.19145182
94.19145182
94.19145182
94.19145182
94.19145182
94.19145182
94.19145182
94.19145182
94.19145182
94.19145182
94.19145182
94.19145182
94.19145182
94.19145182
94.19145182
94.19145182
94.19145182
94.19145182
94.19145182
94.19145182
94.19145182
94.19145182
94.19145182
94.19145182
94.19145182
94.19145182
94.19145182
94.19145182
94.19145182
94.19145182
94.19145182
94.19145182
94.19145182
94.19145182
94.19145182
94.19145182
94.19145182
94.19145182
94.19145182
94.19145182
94.19145182
94.19145182
94.19145182
94.19145182
94.19145182
94.19145182
94.19145182
94.19145182
94.19145182
94.19145182
94.19145182
94.19145182
94.19145182
94.19145182
94.19145182
94.19145182
94.19145182
94.19145182
94.19145182
94.19145182
94.19145182
94.19145182
94.19145182
94.19145182
94.19145182
94.19145182
94.19145182
94.19145182
94.19145182
94.19145182
94.19145182
94.19145182
94.19145182
94.19145182
94.19145182
94.19145182
94.19145182
94.19145182
94.19145182
94.19145182
94.19145182
94.19145182
94.19145182
94.19145182
94.19145182
94.19145182
94.19145182
94.19145182
94.19145182
94.19145182
94.19145182
94.19145182
94.19145182
94.19145182
94.19145182
94.19145182
94.19145182
94.19145182
94.19145182
94.19145182
94.19145182
94.19145182
94.19145182
94.19145182
94.19145182
94.19145182
94.19145182
94.19145182
94.19145182
94.19145182
94.19145182
94.19145182
94.19145182
94.19145182
94.19145182
94.19145182
94.19145182
94.19145182
94.19145182
94.19145182
94.19145182
94.19145182
94.19145182
94.19145182
94.19145182
94.19145182
94.19145182
94.19145182
94.19145182
94.19145182
94.19145182
94.19145182
94.19145182
94.19145182
94.19145182
94.19145182
94.19145182
94.19145182
94.19145182
94.19145182
94.19145182
94.19145182
94.19145182
94.19145182
94.19145182
94.19145182
94.19145182
94.19145182
94.19145182
94.19145182
94.19145182
94.19145182
94.19145182
94.19145182
94.19145182
94.19145182
94.19145182
94.19145182
94.19145182
94.19145182
94.19145182
94.19145182
94.19145182
94.19145182
94.19145182
94.19145182
94.19145182
94.19145182
94.19145182
94.19145182
94.19145182
94.19145182
94.19145182
94.19145182
94.19145182
94.19145182
94.19145182
94.19145182
94.19145182
94.19145182
94.19145182
94.19145182
94.19145182
94.19145182
94.19145182
94.19145182
94.19145182
94.19145182
94.19145182
94.19145182
94.19145182
94.19145182
94.19145182
94.19145182
94.19145182
94.19145182
94.19145182
94.19145182
94.19145182
94.19145182
94.19145182
94.19145182
94.19145182
94.19145182
94.19145182
94.19145182
94.19145182
94.19145182
94.19145182
94.19145182
94.19145182
94.19145182
94.19145182
94.19145182
94.19145182
94.19145182
94.19145182
94.19145182
94.19145182
94.19145182
94.19145182
94.19145182
94.19145182
94.19145182
94.19145182
94.19145182
94.19145182
94.19145182
94.19145182
94.19145182
94.19145182
94.19145182
94.19145182
94.19145182
94.19145182
94.19145182
94.19145182
94.19145182
94.19145182
94.19145182
94.19145182
94.19145182
94.19145182
94.19145182
94.19145182
94.19145182
94.19145182
94.19145182
94.19145182
94.19145182
94.19145182
94.19145182
94.19145182
94.19145182
94.19145182
94.19145182
94.19729068
94.21776601
94.25312959
94.30338137
94.36858421
94.44897406
94.54464522
94.65572342
94.78260191
94.92535915
95.08440406
95.25994093
95.45248875
95.66240910
95.89020515
96.13626984
96.40127934
96.68584678
96.99061669
97.31648532
97.66414422
98.03464680
98.42909351
98.84852174
99.29426770
99.76782475
100.2707018
100.8047850
101.3721807
101.9750104
102.6159146
103.2979423
104.0244880
104.7994330
105.6274604
106.5138497
107.4621803
108.4365193
109.4242331
110.4257601
111.4412393
112.4709517
113.5150678
114.5740725
115.6481519
116.7374918
117.8425769
118.9636556
120.1008978
121.2548503
122.4257455
123.6137999
124.8196070
126.0433987
127.2854223
128.5462863
129.8262692
131.1257747
132.4450651
133.7848422
135.1453676
136.5269970
137.9304156
139.3559784
140.8040243
142.2753162
143.7702235
145.2891314
146.8328640
148.4018211
149.9964494
151.6176184
153.2657739
154.9415489
156.6454193
158.3783779
160.1409465
161.9336301
163.7575136
165.6131792
167.5012081
169.4227610
171.3784644
173.3689910
175.3956078
177.4590012
179.5599187
181.6997334
183.8792373
186.0994873
188.3613040
190.6662576
193.0152592
195.4092806
197.8499958
200.3384821
202.8757988
205.4638161
208.1037134
210.7967143
213.5448835
216.3495475
219.2121081
222.1348532
225.1192858
228.1672951
231.2805315
234.4616388
237.7124286
241.0348317
244.4317542
247.9053318
251.4577399
255.0922978
258.8114442
262.6177333
266.5149065
270.5058228
274.5934384
278.7820477
283.0749670
287.4761337
291.9892044
296.6193821
301.3708413
306.2479664
311.2568034
316.4023332
321.6898470
327.1264554
332.7182109
338.4715269
344.3949116
350.4957725
356.7820455
363.2462079
369.7641561
376.3105765
382.8861152
389.4925579
396.1300136
402.7996692
409.5016040
416.2369271
423.0063417
429.8092362
436.6476656
443.5206849
450.4283459
457.3727338
464.3525820
471.3686428
478.4209205
485.5085260
492.6339290
499.7944988
506.9931328
514.2274459
521.4984897
528.8051425
536.1488833
543.5288582
550.9443142
558.3972904
565.8845474
573.4084599
580.9673315
588.5609229
596.1907752
603.8554250
611.5533522
619.2865940
627.0520588
634.8520963
642.6856250
650.5515770
658.4509444
666.3807602
674.3421917
682.3368288
690.3617950
698.4164523
706.5002864
714.6154850
722.7592540
730.9313971
739.1288960
747.3577601
755.6122404
763.8925406
772.1991293
780.5327640
788.8906810
797.2698058
805.6752588
814.1044773
822.5593603
831.0323125
839.5249781
848.0397960
856.5801879
865.1375967
873.7083394
882.3034595
890.9129676
899.5421168
908.1885226
916.8492418
925.5202314
934.2114559
942.9228279
951.6312752
960.3803727
969.1113455
977.9193776
986.6423919
993.5305027
1000.362752
1007.241393
1014.104081
1021.012178
1027.882559
1034.785463
1041.678305
1048.564678
1055.471351
1062.370070
1069.272807
1076.187673
1083.093757
1090.000365
1096.906583
1103.818902
1110.728464
1117.634688
1124.543176
1131.446611
1138.350141
1145.252532
1152.152686
1159.049603
1165.942351
1172.830062
1179.716304
1186.599849
1193.475477
1200.346506
1207.215723
1214.078152
1220.932943
1227.782717
1234.623066
1241.459792
1248.288477
1255.111305
1261.924192
1268.729282
1275.528397
1282.317651
1289.096187
1295.865793
1302.628057
1309.379382
1316.121323
1322.852912
1329.573203
1336.283556
1342.982986
1349.672716
1356.347454
1363.012717
1369.667425
1376.308573
1382.937237
1389.552518
1396.157247
1402.746714
1409.325486
1415.890749
1422.441573
1428.978774
1435.503065
1442.011863
1448.509084
1454.990544
1461.458448
1467.910323
1474.349745
1480.772779
1487.182821
1493.576071
1499.955782
1506.319610
1512.667956
1519.002507
1525.319697
1531.623667
1537.910917
1544.182974
1550.438863
1556.679998
1562.905370
1569.114024
1575.308375
1581.435314
1587.458109
1593.378197
1599.200034
1604.926823
1610.560598
1616.106242
1621.564517
1626.939978
1632.233181
1637.447442
1642.585018
1647.647176
1652.637758
1657.556963
1662.407561
1667.191360
1671.910087
1676.565397
1681.158070
1685.691275
1690.164864
1694.581062
1698.940464
1703.245939
1707.497196
1711.696241
1715.844251
1719.942357
1723.990929
1727.991762
1731.945883
1735.854285
1739.717914
1743.537016
1747.313189
1751.047300
1754.739539
1758.392033
1762.004258
1765.577658
1769.112344
1772.609664
1776.070338
1779.495044
1782.884447
1786.238582
1789.558686
1792.845384
1796.098672
1799.319725
1802.509109
1805.666790
1808.793894
1811.890928
1814.958412
1817.996270
1821.005553
1823.986733
1826.939727
1829.865522
1832.764557
1835.636739
1838.483002
1841.303758
1844.098899
1846.869314
1849.615394
1852.337005
1855.035010
1857.709764
1860.361132
1862.989928
1865.596496
1868.180686
1870.743289
1873.284143
1875.804035
1878.303245
1880.781621
1883.239905
1885.677927
1888.096850
1890.495624
1892.875823
1895.236416
1897.578934
1899.902784
1902.208629
1904.496289
1906.766416
1909.018834
1911.254177
1913.472665
1915.674114
1917.858737
1920.027145
1922.179552
1924.316142
1926.436349
1928.541526
1930.631097
1932.705250
1934.764550
1936.809177
1938.838934
1940.854007
1942.854931
1944.841876
1946.814645
1948.773770
1950.719038
1952.650983
1954.569391
1956.474777
1958.366940
1960.246028
1962.112536
1963.966608
1965.808040
1967.637313
1969.454222
1971.258910
1973.051836
1974.833136
1976.602600
1978.360367
1980.106885
1981.841949
1983.566005
1985.278849
1986.980597
1988.671691
1990.352232
1992.022025
1993.681188
1995.330121
1996.968645
1998.597150
2000.215451
2001.823652
2003.422146
2005.010739
2006.589827
2008.159210
2009.718984
2011.269531
2012.810660
2014.342467
2015.865321
2017.379308
2018.883962
2020.379921
2021.867271
2023.345824
2024.815663
2026.276871
2027.729795
2029.174255
2030.610585
2032.038607
2033.458393
2034.870022
2036.273829
2037.669888
2039.057755
2040.438010
2041.810480
2043.175486
2044.532581
2045.882604
2047.224859
2048.559918
2049.887593
2051.207959
2052.521316
2053.827489
2055.126537
2056.418521
2057.703753
2058.982039
2060.253454
2061.518281
2062.776349
2064.027712
2065.272432
2066.510794
2067.742391
2068.967973
2070.186898
2071.399454
2072.605923
2073.806127
2075.000346
2076.188177
2077.370124
2078.546007
2079.715886
2080.879801
2082.038026
2083.190384
2084.336926
2085.477699
2086.612748
2087.742335
2088.866287
2089.984656
2091.097478
2092.204805
2093.306883
2094.403547
2095.494636
2096.580812
2097.661493
2098.736927
2099.807362
2100.872432
2101.932577
2102.987638
2104.037651
2105.082855
2106.122891
2107.157996
2108.188399
2109.213949
2110.234678
2111.250616
2112.261811
2113.268288
2114.270282
2115.267440
2116.260175
2117.248149
2118.231765
2119.210878
2120.185512
2121.155701
2122.121484
2123.082886
2124.040125
2124.992862
2125.941497
2126.885702
2127.825860
2128.761643
2129.693443
2130.621112
2131.544493
2132.463981
2133.379419
2134.290841
2135.198270
2136.101733
2137.001268
2137.896892
2138.788631
2139.676524
2140.560583
2141.440846
2142.317503
2143.190239
2144.059254
2144.924567
2145.786212
2146.644208
2147.498579
2148.349354
2149.196714
2150.040362
2150.880478
2151.717097
2152.550231
2153.379908
2154.205993
2155.028825
2155.848271
2156.664346
2157.477077
2158.286329
2159.092432
2159.895261
2160.694674
2161.490851
2162.283964
2163.073726
2163.860317
2164.643748
2165.424051
2166.201235
2166.975324
2167.746340
2168.514301
2169.279074
2170.040980
2170.799740
2171.555521
2172.308343
2173.058221
2173.805174
2174.549224
2175.290388
2176.028537
2176.763832
2177.496439
2178.226086
2178.952931
2179.676857
2180.398154
2181.116705
2181.832386
2182.545350
2183.255616
2183.963201
2184.668119
2185.370247
2186.069745
2186.766623
2187.460901
2188.152590
2188.841708
2189.528134
2190.212020
2190.893378
2191.572230
2192.248449
2192.922319
2193.593591
2194.262408
2194.928658
2195.592613
2196.254030
2196.913047
2197.569685
2198.223827
2198.875744
2199.525186
2200.172178
2200.816981
2201.459357
2202.099448
2202.737262
2203.372686
2204.005992
2204.636931
2205.265525
2205.892036
2206.516219
2207.138097
2207.757920
2208.375464
2208.990854
2209.604109
2210.215118
2210.824012
2211.430803
2212.035384
2212.637888
2213.238324
2213.836706
2214.432920
2215.026985
2215.619145
2216.209178
2216.797209
2217.383135
2217.967081
2218.549062
2219.128968
2219.707044
2220.282951
2220.856935
2221.429003
2221.999167
2222.567323
2223.133594
2223.697876
2224.260294
2224.820857
2225.379465
2225.936235
2226.491182
2227.044203
2227.595415
2228.144724
2228.692242
2229.237873
2229.781736
2230.323840
2230.864085
2231.402589
2231.939251
2232.474194
2233.007312
2233.538727
2234.068446
2234.596369
2235.122614
2235.647080
2236.169887
2236.690934
2237.210335
2237.727997
2238.244031
2238.758446
2239.271145
2239.782132
2240.291530
2240.799335
2241.305462
2241.809913
2242.312801
2242.814133
2243.313818
2243.811857
2244.308367
2244.803350
2245.296717
2245.788474
2246.278726
2246.767386
2247.254558
2247.740150
2248.224269
2248.706825
2249.187924
2249.667469
2250.145573
2250.622141
2251.097182
2251.570802
2252.043006
2252.513604
2252.982899
2253.450600
2253.916918
2254.381852
2254.845316
2255.307312
2255.767949
2256.227136
2256.684878
2257.141275
2257.596340
2258.049884
2258.502103
2258.953006
2259.402506
2259.850608
2260.297410
2260.742826
2261.186864
2261.629623
2262.071014
2262.511045
2262.949811
2263.387231
2263.823404
2264.258146
2264.691740
2265.123921
2265.554872
2265.984516
2266.412940
2266.839976
2267.265893
2267.690436
2268.113784
2268.535855
2268.956652
2269.376274
2269.794637
2270.211743
2270.627689
2271.042393
2271.455854
2271.868085
2272.279176
2272.689043
2273.097697
2273.505224
2273.911544
2274.316663
2274.720588
2275.123408
2275.525043
2275.925497
2276.324775
2276.722970
2277.119999
2277.515869
2277.910582
2278.304145
2278.696648
2279.088014
2279.478241
2279.867421
2280.255394
2280.642328
2281.028146
2281.412936
2281.796535
2282.179115
2282.560599
2282.940988
2283.320291
2283.698511
2284.075732
2284.451878
2284.826873
2285.200965
2285.573915
2285.945807
2286.316731
2286.686603
2287.055433
2287.423224
2287.789979
2288.155707
2288.520484
2288.884162
2289.246899
2289.608623
2289.969338
2290.329048
2290.687757
2291.045545
2291.402264
2291.758069
2292.112815
2292.466654
2292.819517
2293.171409
2293.522329
2293.872284
2294.221278
2294.569391
2294.916476
2295.262686
2295.607873
2295.952194
2296.295578
2296.637949
2296.979467
2297.320057
2297.659722
2297.998470
2298.336299
2298.673218
2299.009227
2299.344330
2299.678530
2300.011909
2300.344317
2300.675835
2301.006467
2301.336285
2301.665152
2301.993139
2302.320254
2302.646570
2302.971946
2303.296459
2303.620188
2303.942983
2304.264927
2304.586020
2304.906337
2305.225739
2305.544302
2305.862027
2306.178916
2306.494975
2306.810208
2307.124617
2307.438204
2307.750971
2308.062926
2308.374067
2308.684330
2308.993858
2309.302513
2309.610439
2309.917496
2310.223833
2310.529306
2310.833993
2311.137897
2311.441018
2311.743363
2312.044930
2312.345655
2312.645679
2312.944870
2313.243363
2313.541027
2313.837932
2314.134081
2314.429479
2314.724126
2315.017957
2315.311115
2315.603460
2315.895070
2316.185941
2316.476078
2316.765488
2317.054167
2317.342054
2317.629220
2317.915665
2318.201393
2318.486407
2318.770707
2319.054232
2319.337051
2319.619166
2319.900577
2320.181291
2320.461244
2320.740500
2321.019066
2321.296941
2321.574133
2321.850573
2322.126399
2322.401413
2322.675819
2322.949547
2323.222541
2323.494864
2323.766521
2324.037515
2324.307780
2324.577386
2324.846334
2325.114565
2325.382206
2325.649131
2325.915410
2326.180980
2326.445906
2326.710192
2326.973837
2327.236846
2327.499158
2327.760836
2328.021823
2328.282181
2328.541914
2328.801026
2329.059454
2329.317322
2329.574452
2329.831027
2330.086930
2330.342221
2330.596842
2330.850857
2331.104268
2331.357079
2331.609227
2331.860777
2332.111673
2332.361973
2332.611682
2332.860742
2333.109214
2333.357097
2333.604339
2333.851001
2334.097082
2334.342527
2334.587393
2334.831628
2335.075353
2335.318387
2335.560851
2335.802753
2336.044091
2336.284806
2336.524961
2336.764502
2337.003482
2337.241852
2337.479668
2337.716935
2337.953595
2338.189707
2338.425216
2338.660182
2338.894605
2339.128432
2339.361664
2339.594359
2339.826520
2340.058091
2340.289133
2340.519585
2340.749514
2340.978858
2341.207678
2341.435977
2341.663700
2341.890845
2342.117476
2342.343536
2342.569081
2342.794114
2343.018582
2343.242484
2343.465882
2343.688773
2343.911105
2344.132881
2344.354154
2344.574931
2344.795101
2345.014830
2345.234010
2345.452644
2345.670787
2345.888386
2346.105442
2346.322070
2346.538103
2346.753653
2346.968723
2347.183202
2347.397263
2347.610735
2347.823788
2348.036259
2348.248258
2348.459787
2348.670740
2348.881281
2349.091248
2349.300749
2349.509790
2349.718315
2349.926327
2350.133882
2350.340926
2350.547460
2350.753541
2350.959119
2351.164190
2351.368814
2351.572989
2351.776609
2351.979786
2352.182521
2352.384704
2352.586451
2352.787756
2352.988517
2353.188896
2353.388732
2353.588136
2353.787053
2353.985488
2354.183494
2354.381019
2354.578063
2354.774682
2354.970825
2355.166492
2355.361738
2355.556513
2355.750815
2355.944647
2356.138064
2356.331015
2356.523550
2356.715570
2356.907179
2357.098326
2357.289065
2357.479295
2357.669115
2357.858533
2358.047445
2358.235952
2358.424010
2358.611616
2358.798821
2358.985529
2359.171840
2359.357706
2359.543176
2359.728154
2359.912741
2360.096888
2360.280642
2360.463912
2360.646791
2360.829238
2361.011249
2361.192827
2361.374022
2361.554737
2361.735072
2361.914979
2362.094508
2362.273560
2362.452240
2362.630444
2362.808275
2362.985687
2363.162727
2363.339300
2363.515504
2363.691242
2363.866613
2364.041571
2364.216164
2364.390297
2364.564018
2364.737379
2364.910331
2365.082829
2365.254967
2365.426701
2365.598078
2365.769005
2365.939530
2366.109702
2366.279427
2366.448802
2366.617778
2366.786358
2366.954544
2367.122337
2367.289735
2367.456741
2367.623404
2367.789629
2367.955467
2368.120963
2368.286025
2368.450748
2368.615088
2368.778997
2368.942570
2369.105763
2369.268574
2369.431006
2369.593060
2369.754734
2369.916036
2370.076959
2370.237510
2370.397687
2370.557490
2370.716922
2370.875985
2371.034678
2371.193002
2371.350960
2371.508550
2371.665775
2371.822636
2371.979132
2372.135266
2372.291039
2372.446451
2372.601504
2372.756197
2372.910531
2373.064511
2373.218132
2373.371355
2373.524269
2373.676827
2373.828992
2373.980848
2374.132308
2374.283464
2374.434227
2374.584642
2374.734710
2374.884430
2375.033808
2375.182841
2375.331529
2375.479877
2375.627839
2375.775503
2375.922784
2376.069770
2376.216373
2376.362641
2376.508571
2376.654166
2376.799426
2376.944307
2377.088902
2377.233120
2377.377006
2377.520561
2377.663789
2377.806686
2377.949256
2378.091457
2378.233329
2378.374875
2378.516099
2378.656999
2378.797576
2378.937786
2379.077720
2379.217289
