0.1420670718
0.1420670718
0.1420670718
0.1420670718
0.1420670718
0.1420670718
0.1420670718
0.1420670718
0.1420670718
0.1420670718
0.1420670718
0.1420670718
0.1420670718
0.1420670718
0.1420670718
0.1420670718
0.1420670718
0.1420670718
0.1420670718
0.1420670718
0.1420670718
0.1420670718
0.1420670718
0.1420670718
0.1420670718
0.1420670718
0.1420670718
0.1420670718
0.1420670718
0.1420670718
0.1420670718
0.1420670718
0.1420670718
0.1420670718
0.1420670718
0.1420670718
0.1420670718
0.1420670718
0.1420670718
0.1420670718
0.1420670718
0.1420670718
0.1420670718
0.1420670718
0.1420670718
0.1420670718
0.1420670718
0.1420670718
0.1420670718
0.1420670718
0.1420670718
0.1420670718
0.1420670718
0.1420670718
0.1420670718
0.1420670718
0.1420670718
0.1420670718
0.1420670718
0.1420670718
0.1420670718
0.1420670718
0.1420670718
0.1420670718
0.1420670718
0.1420670718
0.1420670718
0.1420670718
0.1420670718
0.1420670718
0.1420670718
0.1420670718
0.1420670718
0.1420670718
0.1420670718
0.1420670718
0.1420670718
0.1420670718
0.1420670718
0.1420670718
0.1420670718
0.1420670718
0.1420670718
0.1420670718
0.1420670718
0.1420670718
0.1420670718
0.1420670718
0.1420670718
0.1420670718
0.1420670718
0.1420670718
0.1420670718
0.1420670718
0.1420670718
0.1420670718
0.1420670718
0.1420670718
0.1420670718
0.1420670718
0.1420670718
0.1420670718
0.1420670718
0.1420670718
0.1420670718
0.1420670718
0.1420670718
0.1420670718
0.1420670718
0.1420670718
0.1420670718
0.1420670718
0.1420670718
0.1420670718
0.1420670718
0.1420670718
0.1420670718
0.1420670718
0.1420670718
0.1420670718
0.1420670718
0.1420670718
0.1420670718
0.1420670718
0.1420670718
0.1420670718
0.1420670718
0.1420670718
0.1420670718
0.1420670718
0.1420670718
0.1420670718
0.1420670718
0.1420670718
0.1420670718
0.1420670718
0.1420670718
0.1420670718
0.1420670718
0.1420670718
0.1420670718
0.1420670718
0.1420670718
0.1420670718
0.1420670718
0.1420670718
0.1420670718
0.1420670718
0.1420670718
0.1420670718
0.1420670718
0.1420670718
0.1420670718
0.1420670718
0.1420670718
0.1420670718
0.1420670718
0.1420670718
0.1420670718
0.1420670718
0.1420670718
0.1420670718
0.1420670718
0.1420670718
0.1420670718
0.1420670718
0.1420670718
0.1420670718
0.1420670718
0.1420670718
0.1420670718
0.1420670718
0.1420670718
0.1420670718
0.1420670718
0.1420670718
0.1420670718
0.1420670718
0.1420670718
0.1420670718
0.1420670718
0.1420670718
0.1420670718
0.1420670718
0.1420670718
0.1420670718
0.1420670718
0.1420670718
0.1420670718
0.1420670718
0.1420670718
0.1420670718
0.1420670718
0.1420670718
0.1420670718
0.1420670718
0.1420670718
0.1420670718
0.1420670718
0.1420670718
0.1420670718
0.1420670718
0.1420670718
0.1420670718
0.1420670718
0.1420670718
0.1420670718
0.1420670718
0.1420670718
0.1420670718
0.1420670718
0.1420670718
0.1420670718
0.1420670718
0.1420670718
0.1420670718
0.1420670718
0.1420670718
0.1420670718
0.1420670718
0.1420670718
0.1420670718
0.1420670718
0.1420670718
0.1420670718
0.1420670718
0.1420670718
0.1420670718
0.1420670718
0.1420670718
0.1420670718
0.1420670718
0.1420670718
0.1420670718
0.1420670718
0.1420670718
0.1420670718
0.1420670718
0.1420670718
0.1420670718
0.1420670718
0.1420670718
0.1420670718
0.1420670718
0.1420670718
0.1420670718
0.1420670718
0.1420670718
0.1420670718
0.1420670718
0.1420670718
0.1420670718
0.1420670718
0.1420670718
0.1420670718
0.1420670718
0.1420670718
0.1420670718
0.1420670718
0.1420670718
0.1420670718
0.1420670718
0.1420670718
0.1420670718
0.1420670718
0.1420670718
0.1420670718
0.1420670718
0.1420670718
0.1420670718
0.1420670718
0.1420670718
0.1420670718
0.1420670718
0.1420670718
0.1420670718
0.1420670718
0.1420670718
0.1420670718
0.1420670718
0.1420670718
0.1420670718
0.1420670718
0.1420670718
0.1420670718
0.1420583346
0.1420277012
0.1419748471
0.1418997847
0.1418025315
0.1416827791
0.1415405560
0.1413757859
0.1411880672
0.1409774459
0.1407435333
0.1404862777
0.1402051945
0.1399000266
0.1395704154
0.1392161200
0.1388365801
0.1384313552
0.1380000150
0.1375418143
0.1370563472
0.1365427868
0.1360003222
0.1354282682
0.1348256336
0.1341913415
0.1335243388
0.1328232774
0.1320866268
0.1313129985
0.1305005106
0.1296470111
0.1287501915
0.1278073857
0.1268153743
0.1257706114
0.1246720397
0.1235634335
0.1224598809
0.1213611763
0.1202674226
0.1191786199
0.1180948691
0.1170159680
0.1159420178
0.1148731182
0.1138090696
0.1127499720
0.1116959234
0.1106467274
0.1096024823
0.1085632850
0.1075289414
0.1064995489
0.1054752027
0.1044557117
0.1034411718
0.1024315828
0.1014270383
0.1004273508
0.09943261438
0.09844292100
0.09745808610
0.09647820220
0.09550335998
0.09453337762
0.09356834626
0.09260835520
0.09165322537
0.09070304655
0.08975790664
0.08881762936
0.08788230307
0.08695192779
0.08602658957
0.08510611583
0.08419059308
0.08328010601
0.08237448481
0.08147381460
0.08057817869
0.07968741002
0.07880159235
0.07792080760
0.07704489147
0.07617392634
0.07530799273
0.07444692914
0.07359081655
0.07273965496
0.07189352305
0.07105226300
0.07021595395
0.06938467319
0.06855826567
0.06773680916
0.06692037956
0.06610882458
0.06530222061
0.06450064216
0.06370393972
0.06291218828
0.06212546099
0.06134361109
0.06056671219
0.05979476430
0.05902783869
0.05826579233
0.05750869697
0.05675662252
0.05600942870
0.05526718588
0.05452996258
0.05379762130
0.05307023102
0.05234785888
0.05163037014
0.05091783239
0.05021031140
0.04950767520
0.04880999000
0.04811725579
0.04742953649
0.04674670383
0.04606882216
0.04539595402
0.04472797389
0.04406494477
0.04340692777
0.04275380019
0.04210562360
0.04146245776
0.04082418271
0.04019085866
0.03956254398
0.03894080066
0.03833759689
0.03775449403
0.03719057094
0.03664487636
0.03611665290
0.03560510849
0.03510958241
0.03462937685
0.03416386652
0.03371255006
0.03327477820
0.03285013079
0.03243814522
0.03203826513
0.03165015650
0.03127338948
0.03090759597
0.03055246779
0.03020755092
0.02987265531
0.02954734308
0.02923143697
0.02892461409
0.02862665791
0.02833725801
0.02805620889
0.02778330960
0.02751826624
0.02726098480
0.02701118068
0.02676871911
0.02653342054
0.02630506163
0.02608351832
0.02586866929
0.02566030196
0.02545834833
0.02526260233
0.02507295472
0.02488929872
0.02471148376
0.02453945419
0.02437306433
0.02421217136
0.02405672622
0.02390663596
0.02376180970
0.02362211349
0.02348750579
0.02335790158
0.02323326250
0.02311341767
0.02299837695
0.02288806228
0.02278239729
0.02268130733
0.02258476349
0.02249273807
0.02240511680
0.02232187496
0.02224294528
0.02216834933
0.02209802234
0.02203190099
0.02196992337
0.02191211581
0.02185846217
0.02180886078
0.02176334132
0.02172184793
0.02168436922
0.02165089487
0.02162141569
0.02159588044
0.02157428216
0.02155665804
0.02154291709
0.02153314171
0.02152724311
0.02152530579
0.02152651122
0.02153008467
0.02153606979
0.02154442450
0.02155523636
0.02156837792
0.02158398065
0.02160196095
0.02162232178
0.02164515284
0.02167037164
0.02169802553
0.02172816241
0.02176070083
0.02179568946
0.02183313414
0.02187308452
0.02191550393
0.02196039944
0.02200782206
0.02205773623
0.02211019387
0.02216520384
0.02222277540
0.02228291826
0.02234564253
0.02241095875
0.02247892186
0.02254954345
0.02262279139
0.02269872212
0.02277739281
0.02285877263
0.02294287534
0.02302975966
0.02311939586
0.02321188840
0.02330720854
0.02340541740
0.02350648697
0.02361047946
0.02371745797
0.02382739586
0.02394031197
0.02405627110
0.02417533898
0.02429749079
0.02442279346
0.02455126888
0.02468293947
0.02481787436
0.02495609732
0.02509767914
0.02524255179
0.02539088046
0.02554269181
0.02569796604
0.02585677763
0.02601915491
0.02618522167
0.02635491295
0.02652840209
0.02670567306
0.02688675791
0.02707173754
0.02726069411
0.02745361381
0.02765067793
0.02785182563
0.02805719189
0.02826676575
0.02848073425
0.02869903878
0.02892186941
0.02914916869
0.02938112978
0.02961774695
0.02985911578
0.03010538428
0.03035649842
0.03061271123
0.03087397062
0.03114043065
0.03141214394
0.03168926837
0.03197185957
0.03225997401
0.03255382784
0.03285092854
0.03314937883
0.03344907137
0.03375005862
0.03405233987
0.03435586000
0.03466072682
0.03496683059
0.03527428010
0.03558296463
0.03589293835
0.03620420051
0.03651669434
0.03683053101
0.03714559743
0.03746194892
0.03777958479
0.03809850431
0.03841870675
0.03874013364
0.03906289954
0.03938688796
0.03971215595
0.04003864407
0.04036646879
0.04069551173
0.04102583087
0.04135742550
0.04169029490
0.04202437819
0.04235973434
0.04269636262
0.04303426231
0.04337343270
0.04371381172
0.04405545952
0.04439837538
0.04474249653
0.04508794612
0.04543459909
0.04578251677
0.04613163542
0.04648201688
0.04683366043
0.04718656534
0.04754073091
0.04789609221
0.04825271224
0.04861059030
0.04896966075
0.04932998731
0.04969156928
0.05005434029
0.05041836480
0.05078364209
0.05115017145
0.05151788556
0.05188684983
0.05225706355
0.05262845870
0.05300110138
0.05337499090
0.05375005851
0.05412637105
0.05450392780
0.05488265931
0.05526263314
0.05564384857
0.05602623543
0.05640986200
0.05679472755
0.05718076122
0.05756803198
0.05795653912
0.05834621105
0.05873711746
0.05912918629
0.05952248771
0.05991702101
0.06031271341
0.06070963579
0.06110771490
0.06150709488
0.06190755669
0.06230931794
0.06271215819
0.06311629646
0.06352158484
0.06392809611
0.06433575513
0.06474463515
0.06515466055
0.06556590507
0.06597836798
0.06639197298
0.06680671864
0.06722267964
0.06763985527
0.06805824481
0.06847769400
0.06889843177
0.06932030361
0.06974330811
0.07016752158
0.07059294332
0.07101949442
0.07144717348
0.07187605775
0.07230614652
0.07273735995
0.07316977601
0.07360331438
0.07403805350
0.07447391258
0.07491097053
0.07534914610
0.07578843789
0.07622892549
0.07667060821
0.07711340385
0.07755739274
0.07800249222
0.07844870088
0.07889609974
0.07934468809
0.07979438235
0.08024518111
0.08069716632
0.08115025370
0.08160452567
0.08205989747
0.08251636769
0.08297401946
0.08343285208
0.08389277985
0.08435380139
0.08481600075
0.08527929153
0.08574375826
0.08620931409
0.08667595762
0.08714377407
0.08761267589
0.08808274877
0.08855390470
0.08902614227
0.08949954788
0.08997403282
0.09044959568
0.09092632356
0.09140421576
0.09188309369
0.09236313361
0.09284433484
0.09332660704
0.09380994880
0.09429435875
0.09477992582
0.09526655876
0.09575434698
0.09624319874
0.09673311266
0.09722408736
0.09771621316
0.09820948938
0.09870373094
0.09919912061
0.09969556504
0.1001931557
0.1006917057
0.1011914931
0.1016922369
0.1021941229
0.1026970563
0.1032010356
0.1037061541
0.1042123162
0.1047195207
0.1052277660
0.1057371464
0.1062475653
0.1067590215
0.1072716097
0.1077852328
0.1082998895
0.1088155783
0.1093323950
0.1098501444
0.1103691167
0.1108890189
0.1114099469
0.1119319975
0.1124550715
0.1129792662
0.1135043833
0.1140306188
0.1145578727
0.1150861437
0.1156154304
0.1161458314
0.1166772458
0.1172096722
0.1177431092
0.1182775556
0.1188131110
0.1193496735
0.1198872415
0.1204258138
0.1209653891
0.1215060681
0.1220477478
0.1225903240
0.1231341035
0.1236787769
0.1242244454
0.1247712113
0.1253188663
0.1258676164
0.1264173567
0.1269680857
0.1275199070
0.1280726099
0.1286262974
0.1291810737
0.1297368325
0.1302935724
0.1308512920
0.1314099899
0.1319696649
0.1325304223
0.1330920475
0.1336547528
0.1342183227
0.1347829706
0.1353485877
0.1359151729
0.1364827246
0.1370512416
0.1376207225
0.1381912751
0.1387626800
0.1393351542
0.1399084777
0.1404828683
0.1410581049
0.1416344064
0.1422116615
0.1427897579
0.1433689157
0.1439490231
0.1445300787
0.1451120810
0.1456950288
0.1462789208
0.1468637555
0.1474495316
0.1480362478
0.1486239028
0.1492124951
0.1498021371
0.1503926004
0.1509839971
0.1515763258
0.1521695853
0.1527637740
0.1533588908
0.1539549343
0.1545520184
0.1551499114
0.1557487270
0.1563484640
0.1569491209
0.1575506965
0.1581530727
0.1587564814
0.1593608047
0.1599660413
0.1605721899
0.1611791313
0.1617870996
0.1623959758
0.1630056403
0.1636162096
0.1642278014
0.1648401767
0.1654534529
0.1660676286
0.1666827026
0.1672986735
0.1679155399
0.1685333006
0.1691519542
0.1697713785
0.1703918137
0.1710130165
0.1716351066
0.1722580824
0.1728819429
0.1735066865
0.1741323120
0.1747588181
0.1753860806
0.1760142205
0.1766433599
0.1772732511
0.1779040158
0.1785355288
0.1791680364
0.1798014136
0.1804355344
0.1810705218
0.1817063743
0.1823430907
0.1829806697
0.1836189843
0.1842581583
0.1848981905
0.1855390796
0.1861808243
0.1868234232
0.1874667480
0.1881109241
0.1887559500
0.1894018246
0.1900484185
0.1906959860
0.1913442699
0.1919933967
0.1926432364
0.1932940449
0.1939455633
0.1945979189
0.1952511105
0.1959050068
0.1965598662
0.1972154274
0.1978716884
0.1985289087
0.1991868258
0.1998455689
0.2005051367
0.2011653963
0.2018266094
0.2024885113
0.2031511000
0.2038146385
0.2044788608
0.2051437650
0.2058096154
0.2064761446
0.2071434843
0.2078116331
0.2084804559
0.2091500848
0.2098205185
0.2104916213
0.2111635258
0.2118362310
0.2125097354
0.2131839023
0.2138587299
0.2145344878
0.2152109034
0.2158881110
0.2165659727
0.2172446235
0.2179240619
0.2186041496
0.2192851594
0.2199666779
0.2206489781
0.2213320588
0.2220159186
0.2227004179
0.2233856933
0.2240716048
0.2247582895
0.2254457461
0.2261338339
0.2268226907
0.2275123151
0.2282025658
0.2288935812
0.2295852194
0.2302776194
0.2309706389
0.2316644172
0.2323589529
0.2330541033
0.2337500082
0.2344465244
0.2351437921
0.2358416677
0.2365402919
0.2372396635
0.2379396381
0.2386403571
0.2393416757
0.2400437358
0.2407463921
0.2414497870
0.2421537748
0.2428584981
0.2435639558
0.2442700016
0.2449766335
0.2456839951
0.2463920852
0.2471007567
0.2478100076
0.2485199824
0.2492306797
0.2499419517
0.2506537965
0.2513663594
0.2520796389
0.2527934865
0.2535079001
0.2542230259
0.2549387145
0.2556551123
0.2563720696
0.2570897332
0.2578079529
0.2585268761
0.2592463520
0.2599665285
0.2606872544
0.2614085280
0.2621304975
0.2628531618
0.2635762182
0.2643001169
0.2650244042
0.2657493799
0.2664750429
0.2672012403
0.2679279702
0.2686553829
0.2693833247
0.2701117940
0.2708409414
0.2715707659
0.2723009599
0.2730318275
0.2737633677
0.2744954253
0.2752279986
0.2759612398
0.2766949934
0.2774292576
0.2781641852
0.2788996200
0.2796355603
0.2803721595
0.2811092609
0.2818470184
0.2825851187
0.2833240281
0.2840632767
0.2848031753
0.2855435659
0.2862846035
0.2870259727
0.2877681432
0.2885106415
0.2892537808
0.2899974020
0.2907415031
0.2914862408
0.2922314552
0.2929771446
0.2937234660
0.2944702592
0.2952175222
0.2959652532
0.2967136103
0.2974624323
0.2982117172
0.2989616238
0.2997119901
0.3004628144
0.3012140949
0.3019659909
0.3027183399
0.3034711401
0.3042243896
0.3049782486
0.3057325538
0.3064873033
0.3072424953
0.3079981280
0.3087543627
0.3095110350
0.3102681429
0.3110258485
0.3117838227
0.3125423913
0.3133013889
0.3140609780
0.3148208283
0.3155812670
0.3163421279
0.3171034092
0.3178651090
0.3186272258
0.3193899234
0.3201530346
0.3209163915
0.3216804909
0.3224448325
0.3232095805
0.3239749004
0.3247406236
0.3255067484
0.3262732731
0.3270401958
0.3278075148
0.3285753965
0.3293435029
0.3301121689
0.3308812245
0.3316506680
0.3324204975
0.3331907113
0.3339614772
0.3347324545
0.3355039808
0.3362757146
0.3370479943
0.3378206480
0.3385936742
0.3393670710
0.3401408366
0.3409149694
0.3416896390
0.3424645010
0.3432398967
0.3440154808
0.3447915956
0.3455680674
0.3463447217
0.3471219021
0.3478994343
0.3486773165
0.3494555470
0.3502341240
0.3510130459
0.3517923108
0.3525719171
0.3533518630
0.3541323214
0.3549129415
0.3556938961
0.3564751833
0.3572569768
0.3580389244
0.3588211995
0.3596038004
0.3603869015
0.3611701489
0.3619537170
0.3627377806
0.3635219849
0.3643065047
0.3650913382
0.3658766611
0.3666621171
0.3674478817
0.3682339531
0.3690203297
0.3698070098
0.3705939916
0.3713812734
0.3721688535
0.3729567303
0.3737449020
0.3745333669
0.3753219436
0.3761109896
0.3769001437
0.3776897641
0.3784794886
0.3792696766
0.3800599649
0.3808505326
0.3816413777
0.3824324988
0.3832238940
0.3840155617
0.3848073183
0.3855995257
0.3863918182
0.3871845587
0.3879773804
0.3887704642
0.3895638083
0.3903574110
0.3911512707
0.3919452020
0.3927395705
0.3935340068
0.3943286930
0.3951236274
0.3959188084
0.3967142343
0.3975099034
0.3983056289
0.3991015939
0.3998977967
0.4006942357
0.4014909093
0.4022878157
0.4030847670
0.4038819475
0.4046793556
0.4054769895
0.4062748476
0.4070727410
0.4078708550
0.4086691879
0.4094677380
0.4102665037
0.4110652952
0.4118644869
0.4126635123
0.4134629347
0.4142625640
0.4150622097
0.4158620587
0.4166621095
0.4174623603
0.4182626198
0.4190630757
0.4198637264
0.4206643800
0.4214654153
0.4222664498
0.4230676723
0.4238688900
0.4246702920
0.4254718767
0.4262736424
0.4270755876
0.4278775187
0.4286796256
0.4294817145
0.4302839755
0.4310864073
0.4318890080
0.4326915831
0.4334945168
0.4342972280
0.4351002946
0.4359033280
0.4367065201
0.4375096751
0.4383129852
0.4391164488
0.4399200642
0.4407236351
0.4415273543
0.4423310251
0.4431348407
0.4439387994
0.4447427040
0.4455467482
0.4463509304
0.4471550529
0.4479593099
0.4487636998
0.4495680243
0.4503724782
0.4511768628
0.4519815706
0.4527860081
0.4535905679
0.4543952486
0.4552000485
0.4560047678
0.4568096029
0.4576143536
0.4584192165
0.4592239912
0.4600288747
0.4608338653
0.4616387621
0.4624437626
0.4632486655
0.4640536687
0.4648587704
0.4656637691
0.4664686625
0.4672736491
0.4680787275
0.4688836952
0.4696887511
0.4704936924
0.4712987186
0.4721036265
0.4729086157
0.4737136848
0.4745186300
0.4753234493
0.4761283432
0.4769331074
0.4777379426
0.4785428475
0.4793476172
0.4801522497
0.4809569465
0.4817617061
0.4825663230
0.4833707952
0.4841753249
0.4849799105
0.4857841416
0.4865886295
0.4873929636
0.4881971418
0.4890013674
0.4898054334
0.4906093377
0.4914134899
0.4922172712
0.4930210913
0.4938249485
0.4946284288
0.4954321490
0.4962354882
0.4970390644
0.4978422556
0.4986454735
0.4994487168
0.5002515688
0.5010546502
0.5018573363
0.5026600407
0.5034627620
0.5042652902
0.5050676234
0.5058699682
0.5066721144
0.5074740600
0.5082760121
0.5090777599
0.5098793014
0.5106808444
0.5114823874
0.5122835087
0.5130846265
0.5138857391
0.5146864240
0.5154871003
0.5162877663
0.5170879986
0.5178884283
0.5186884204
0.5194883954
0.5202881402
0.5210876529
0.5218871434
0.5226863983
0.5234854155
0.5242844055
0.5250831543
0.5258816600
0.5266801334
0.5274783602
0.5282763383
0.5290740658
0.5298717544
0.5306691888
0.5314665811
0.5322635017
0.5330603765
0.5338569899
0.5346535544
0.5354496391
0.5362456714
0.5370416500
0.5378371428
0.5386325783
0.5394277396
0.5402226247
0.5410174475
0.5418117746
0.5426060360
0.5434000139
0.5441939230
0.5449873284
0.5457806615
0.5465737038
0.5473666706
0.5481591260
0.5489515023
0.5497435807
0.5505353592
0.5513268361
0.5521182273
0.5529090952
0.5536998741
0.5544903441
0.5552807219
0.5560705686
0.5568603197
0.5576495357
0.5584386527
0.5592274499
0.5600161450
0.5608042972
0.5615923439
0.5623798437
0.5631672346
0.5639542950
0.5647412434
0.5655276371
0.5663136948
0.5670996354
0.5678852365
0.5686702750
0.5694551915
0.5702397629
0.5710242093
0.5718080854
0.5725916111
0.5733750066
0.5741578259
0.5749405118
0.5757228402
0.5765048094
0.5772864174
0.5780676625
0.5788485430
0.5796290569
0.5804094260
0.5811892016
0.5819686052
0.5827478591
0.5835265136
0.5843050151
0.5850831378
0.5858606553
0.5866380148
0.5874149901
0.5881915795
0.5889677810
0.5897435931
0.5905190138
0.5912940415
0.5920686742
0.5928429103
0.5936167480
0.5943901855
0.5951632211
0.5959358530
0.5967080793
0.5974798985
0.5982513086
0.5990223080
0.5997928948
0.6005630674
0.6013328240
0.6021021629
0.6028710822
0.6036395803
0.6044076554
0.6051753058
0.6059425296
0.6067093253
0.6074756911
0.6082413963
0.6090068968
0.6097719622
0.6105363615
0.6113005513
0.6120640713
0.6128273787
0.6135900125
0.6143522005
0.6151139412
0.6158752326
0.6166360732
0.6173964612
0.6181563949
0.6189158727
0.6196746618
0.6204332224
0.6211910906
0.6219487272
0.6227056677
0.6234621419
0.6242181479
0.6249736841
0.6257287489
0.6264831082
0.6272372248
0.6279906323
0.6287435614
0.6294960103
0.6302479774
0.6309994610
0.6317504594
0.6325007377
0.6332505272
0.6339998263
0.6347486334
0.6354969467
0.6362447646
0.6369918513
0.6377386734
0.6384847607
