3000.000000
3000.000000
3000.000000
3000.000000
3000.000000
3000.000000
3000.000000
3000.000000
3000.000000
3000.000000
3000.000000
3000.000000
3000.000000
3000.000000
3000.000000
3000.000000
3000.000000
3000.000000
3000.000000
3000.000000
3000.000000
3000.000000
3000.000000
3000.000000
3000.000000
3000.000000
3000.000000
3000.000000
3000.000000
3000.000000
3000.000000
3000.000000
3000.000000
3000.000000
3000.000000
3000.000000
3000.000000
3000.000000
3000.000000
3000.000000
3000.000000
3000.000000
3000.000000
3000.000000
3000.000000
3000.000000
3000.000000
3000.000000
3000.000000
3000.000000
3000.000000
3000.000000
3000.000000
3000.000000
3000.000000
3000.000000
3000.000000
3000.000000
3000.000000
3000.000000
3000.000000
3000.000000
3000.000000
3000.000000
3000.000000
3000.000000
3000.000000
3000.000000
3000.000000
3000.000000
3000.000000
3000.000000
3000.000000
3000.000000
3000.000000
3000.000000
3000.000000
3000.000000
3000.000000
3000.000000
3000.000000
3000.000000
3000.000000
3000.000000
3000.000000
3000.000000
3000.000000
3000.000000
3000.000000
3000.000000
3000.000000
3000.000000
3000.000000
3000.000000
3000.000000
3000.000000
3000.000000
3000.000000
3000.000000
3000.000000
3000.000000
3000.000000
3000.000000
3000.000000
3000.000000
3000.000000
3000.000000
3000.000000
3000.000000
3000.000000
3000.000000
3000.000000
3000.000000
3000.000000
3000.000000
3000.000000
3000.000000
3000.000000
3000.000000
3000.000000
3000.000000
3000.000000
3000.000000
3000.000000
3000.000000
3000.000000
3000.000000
3000.000000
3000.000000
3000.000000
3000.000000
3000.000000
3000.000000
3000.000000
3000.000000
3000.000000
3000.000000
3000.000000
3000.000000
3000.000000
3000.000000
3000.000000
3000.000000
3000.000000
3000.000000
3000.000000
3000.000000
3000.000000
3000.000000
3000.000000
3000.000000
3000.000000
3000.000000
3000.000000
3000.000000
3000.000000
3000.000000
3000.000000
3000.000000
3000.000000
3000.000000
3000.000000
3000.000000
3000.000000
3000.000000
3000.000000
3000.000000
3000.000000
3000.000000
3000.000000
3000.000000
3000.000000
3000.000000
3000.000000
3000.000000
3000.000000
3000.000000
3000.000000
3000.000000
3000.000000
3000.000000
3000.000000
3000.000000
3000.000000
3000.000000
3000.000000
3000.000000
3000.000000
3000.000000
3000.000000
3000.000000
3000.000000
3000.000000
3000.000000
3000.000000
3000.000000
3000.000000
3000.000000
3000.000000
3000.000000
3000.000000
3000.000000
3000.000000
3000.000000
3000.000000
3000.000000
3000.000000
3000.000000
3000.000000
3000.000000
3000.000000
3000.000000
3000.000000
3000.000000
3000.000000
3000.000000
3000.000000
3000.000000
3000.000000
3000.000000
3000.000000
3000.000000
3000.000000
3000.000000
3000.000000
3000.000000
3000.000000
3000.000000
3000.000000
3000.000000
3000.000000
3000.000000
3000.000000
3000.000000
3000.000000
3000.000000
3000.000000
3000.000000
3000.000000
3000.000000
3000.000000
3000.000000
3000.000000
3000.000000
3000.000000
3000.000000
3000.000000
3000.000000
3000.000000
3000.000000
3000.000000
3000.000000
3000.000000
3000.000000
3000.000000
3000.000000
3000.000000
3000.000000
3000.000000
3000.000000
3000.000000
3000.000000
3000.000000
3000.000000
3000.000000
3000.000000
3000.000000
3000.000000
3000.000000
3000.000000
3000.000000
3000.000000
3000.000000
3000.000000
3000.000000
3000.000000
3000.000000
3000.000000
3000.000000
3000.000000
3000.000000
3000.000000
3000.000000
3000.000000
3000.000000
2999.999557
2999.998005
2999.995322
2999.991509
2999.986558
2999.980449
2999.973173
2999.964715
2999.955042
2999.944142
2999.931980
2999.918533
2999.903755
2999.887609
2999.870048
2999.851032
2999.830497
2999.808384
2999.784629
2999.759146
2999.731866
2999.702685
2999.671498
2999.638197
2999.602652
2999.564715
2999.524230
2999.481011
2999.434844
2999.385510
2999.332740
2999.276220
2999.215599
2999.150472
2999.080350
2999.004673
2998.923008
2998.838349
2998.751748
2998.663135
2998.572462
2998.479671
2998.384711
2998.287500
2998.187984
2998.086105
2997.981777
2997.874936
2997.765520
2997.653432
2997.538603
2997.420964
2997.300405
2997.176851
2997.050224
2996.920407
2996.787311
2996.650837
2996.510895
2996.367345
2996.220095
2996.069035
2995.914020
2995.754936
2995.591668
2995.424051
2995.251959
2995.075261
2994.893773
2994.707354
2994.515855
2994.319070
2994.116841
2993.908981
2993.695319
2993.475612
2993.249672
2993.017306
2992.778242
2992.532264
2992.279151
2992.018598
2991.750363
2991.474190
2991.189734
2990.896719
2990.594855
2990.283750
2989.963085
2989.632495
2989.291635
2988.940039
2988.577323
2988.203087
2987.816802
2987.418020
2987.006280
2986.580975
2986.141590
2985.687587
2985.218265
2984.733028
2984.231244
2983.712107
2983.174917
2982.618883
2982.043231
2981.446971
2980.829236
2980.189102
2979.525425
2978.837167
2978.123245
2977.382301
2976.613105
2975.814359
2974.984458
2974.121926
2973.225205
2972.292377
2971.321666
2970.311078
2969.258604
2968.161782
2967.018291
2965.825658
2964.580889
2963.281121
2961.923287
2960.503702
2959.018787
2957.464700
2955.836839
2954.130680
2952.341331
2950.468177
2948.545383
2946.579771
2944.570690
2942.517119
2940.418531
2938.274043
2936.083110
2933.844839
2931.558447
2929.223588
2926.838991
2924.404405
2921.919239
2919.382146
2916.792984
2914.150870
2911.455189
2908.705671
2905.900733
2903.040783
2900.124029
2897.150799
2894.120026
2891.031545
2887.884087
2884.677369
2881.411079
2878.083666
2874.695929
2871.246153
2867.734465
2864.160341
2860.522404
2856.820697
2853.055325
2849.224654
2845.329584
2841.368311
2837.340743
2833.246806
2829.085357
2824.857352
2820.561573
2816.196539
2811.763209
2807.261352
2802.690683
2798.049376
2793.338440
2788.557430
2783.707581
2778.784776
2773.791889
2768.728283
2763.593152
2758.385491
2753.106512
2747.757698
2742.335299
2736.840460
2731.271440
2725.632795
2719.923044
2714.140120
2708.281206
2702.351735
2696.353944
2690.279716
2684.135708
2677.917816
2671.627376
2665.266198
2658.836996
2652.332060
2645.751034
2639.111166
2632.378834
2625.599028
2618.697211
2611.800469
2606.311195
2600.828711
2595.271045
2589.688317
2584.030363
2578.365203
2572.634962
2566.874804
2561.081864
2555.233508
2549.353558
2543.431843
2537.461271
2531.459867
2525.419615
2519.341313
2513.219199
2507.061093
2500.867561
2494.633590
2488.365805
2482.059573
2475.716032
2469.336216
2462.921098
2456.471605
2449.988626
2443.468857
2436.913496
2430.327601
2423.708098
2417.052356
2410.365268
2403.647779
2396.897430
2390.118680
2383.305888
2376.463555
2369.589605
2362.688284
2355.757565
2348.795707
2341.806817
2334.791947
2327.749408
2320.677681
2313.580676
2306.456922
2299.307608
2292.133909
2284.934550
2277.710753
2270.461368
2263.192330
2255.897826
2248.579201
2241.239952
2233.879100
2226.497848
2219.093232
2211.670735
2204.225421
2196.760667
2189.277750
2181.775962
2174.254693
2166.717145
2159.158995
2151.585325
2143.993789
2136.387520
2128.762523
2121.123683
2113.467188
2105.797808
2098.111875
2090.412438
2082.699256
2074.970500
2067.230762
2059.475201
2051.708350
2043.928565
2036.137293
2028.333008
2020.517199
2012.691311
2004.852533
1997.068680
1989.387685
1981.809222
1974.329020
1966.944325
1959.653812
1952.452397
1945.340266
1938.312603
1931.369753
1924.508399
1917.726550
1911.023478
1904.394991
1897.841689
1891.360713
1884.950440
1878.609316
1872.335851
1866.129703
1859.987265
1853.909391
1847.893689
1841.939957
1836.044861
1830.209360
1824.431248
1818.709430
1813.042850
1807.431487
1801.873331
1796.367411
1790.912784
1785.508558
1780.154806
1774.849692
1769.592383
1764.382991
1759.218879
1754.101140
1749.028075
1743.999860
1739.014901
1734.072485
1729.171949
1724.312632
1719.494777
1714.716885
1709.978329
1705.279377
1700.618593
1695.995404
1691.410105
1686.861297
1682.348474
1677.871098
1673.429500
1669.022358
1664.649188
1660.310310
1656.004474
1651.731225
1647.490886
1643.282264
1639.104922
1634.959198
1630.843942
1626.758738
1622.703945
1618.678438
1614.681839
1610.714499
1606.775348
1602.864014
1598.980859
1595.124837
1591.296320
1587.494258
1583.718352
1579.968958
1576.245077
1572.547084
1568.873332
1565.225532
1561.601399
1558.002617
1554.426957
1550.875426
1547.347116
1543.842404
1540.360388
1536.901434
1533.464667
1530.049835
1526.657316
1523.286870
1519.937641
1516.609384
1513.301898
1510.016139
1506.750094
1503.504732
1500.279842
1497.074618
1493.888856
1490.722935
1487.576636
1484.449197
1481.340417
1478.250673
1475.179198
1472.126392
1469.091479
1466.074859
1463.075784
1460.094630
1457.131223
1454.184841
1451.255316
1448.343023
1445.447258
1442.568398
1439.706274
1436.860206
1434.030030
1431.216133
1428.418340
1425.635989
1422.869456
1420.118073
1417.382215
1414.661741
1411.955989
1409.264843
1406.588656
1403.927283
1401.280124
1398.647508
1396.028848
1393.424481
1390.834282
1388.257652
1385.694945
1383.145558
1380.609851
1378.087705
1375.578538
1373.082694
1370.600054
1368.130052
1365.672581
1363.228430
1360.796599
1358.376974
1355.969897
1353.575262
1351.192965
1348.822471
1346.464100
1344.117338
1341.782505
1339.459511
1337.148253
1334.848212
1332.559293
1330.282249
1328.016157
1325.761326
1323.517254
1321.284701
1319.062310
1316.851254
1314.650612
1312.460720
1310.281474
1308.112407
1305.953826
1303.805657
1301.667825
1299.539831
1297.422017
1295.314284
1293.216181
1291.128014
1289.049711
1286.981190
1284.921998
1282.872830
1280.832459
1278.801972
1276.780906
1274.768813
1272.766005
1270.772034
1268.787590
1266.811848
1264.845128
1262.887345
1260.938450
1258.998001
1257.066308
1255.143304
1253.228926
1251.323115
1249.425444
1247.536221
1245.655373
1243.782854
1241.918592
1240.062188
1238.213932
1236.374113
1234.541625
1232.717465
1230.901231
1229.092512
1227.291944
1225.498797
1223.713348
1221.935555
1220.165022
1218.402369
1216.647210
1214.899167
1213.158508
1211.425193
1209.699178
1207.980398
1206.268820
1204.564054
1202.866716
1201.176110
1199.492826
1197.816185
1196.146448
1194.483582
1192.827539
1191.178265
1189.535728
1187.899564
1186.270362
1184.647448
1183.031396
1181.421556
1179.818501
1178.221569
1176.631022
1175.047138
1173.469252
1171.897640
1170.332251
1168.773056
1167.220018
1165.673080
1164.132219
1162.597401
1161.068567
1159.545705
1158.028756
1156.517401
1155.012191
1153.512790
1152.019173
1150.531288
1149.049110
1147.572606
1146.101733
1144.636184
1143.176483
1141.722320
1140.273649
1138.830452
1137.392687
1135.960596
1134.533600
1133.111933
1131.695577
1130.284494
1128.878921
1127.478294
1126.082837
1124.692802
1123.307881
1121.927783
1120.553013
1119.183265
1117.818523
1116.458741
1115.103904
1113.753982
1112.408938
1111.068749
1109.733650
1108.403089
1107.077558
1105.756771
1104.440698
1103.129317
1101.822600
1100.520518
1099.223042
1097.930404
1096.642329
1095.358529
1094.079488
1092.804933
1091.535072
1090.269404
1089.008137
1087.751496
1086.499215
1085.251268
1084.007626
1082.768270
1081.533423
1080.302806
1079.076408
1077.854196
1076.636156
1075.422261
1074.212727
1073.007293
1071.805939
1070.608633
1069.415601
1068.226348
1067.041317
1065.860257
1064.683375
1063.510190
1062.341137
1061.175975
1060.014672
1058.857438
1057.703798
1056.554197
1055.408597
1054.266537
1053.128442
1051.994065
1050.863396
1049.736638
1048.613313
1047.493864
1046.378257
1045.266033
1044.157624
1043.053000
1041.951713
1040.854170
1039.760150
1038.669621
1037.582785
1036.499413
1035.419484
1034.343197
1033.270312
1032.200819
1031.134697
1030.072150
1029.013148
1027.957261
1026.904886
1025.855800
1024.810195
1023.767848
1022.728737
1021.693058
1020.660377
1019.631304
1018.605403
1017.582660
1016.563060
1015.546792
1014.533637
1013.523782
1012.517009
1011.513303
1010.512845
1009.515432
1008.521034
1007.529840
1006.541645
1005.556618
1004.574560
1003.595647
1002.619668
1001.646609
1000.676650
999.7095829
998.7455933
997.7844602
996.8263758
995.8711262
994.9186975
993.9692749
993.0226453
992.0789933
991.1381068
990.2001699
989.2649772
988.3327000
987.4031397
986.4762831
985.5523072
984.6312043
983.7127583
982.7969748
981.8840113
980.9738667
980.0663384
979.1614135
978.2592614
977.3598811
976.4630648
975.5688061
974.6772737
973.7884543
972.9021600
972.0185527
971.1374450
970.2590048
969.3830389
968.5097148
967.6388400
966.7705941
965.9047724
965.0415483
964.1809088
963.3226626
962.4668038
961.6136770
960.7627347
959.9145055
959.0686085
958.2250504
957.3839844
956.5454104
955.7091331
954.8753175
954.0439575
953.2148707
952.3880394
951.5638041
950.7418127
949.9220477
949.1046731
948.2896770
947.4768847
946.6664535
945.8583717
945.0524591
944.2488789
943.4476192
942.6485067
941.8516919
941.0569958
940.2647540
939.4744530
938.6865774
937.9007936
937.1172455
936.3357731
935.5566864
934.7794929
934.0046626
933.2318700
932.4612642
931.6928398
930.9264207
930.1621613
929.4000566
928.6399307
927.8819379
927.1260790
926.3723314
925.6205319
924.8708341
924.1232213
923.3775369
922.6339282
921.8923844
921.1528949
920.4152980
919.6797404
918.9462174
918.2147184
917.4850767
916.7574442
916.0318106
915.3081712
914.5865157
913.8666782
913.1488043
912.4328953
911.7187858
911.0067703
910.2965400
909.5882398
908.8817052
908.1772411
907.4745284
906.7737116
906.0747923
905.3777489
904.6825831
903.9891371
903.2975547
902.6079737
901.9199418
901.2338972
900.5496885
899.8671476
899.1864346
898.5075287
897.8304257
897.1551216
896.4816014
895.8097261
895.1397672
894.4714346
893.8048648
893.1400482
892.4769811
891.8156540
891.1559236
890.4980598
889.8417799
889.1873531
888.5344974
887.8833428
887.2338801
886.5861111
885.9400266
885.2956175
884.6527365
884.0116564
883.3720975
882.7343322
882.0980703
881.4634460
880.8305989
880.1992340
879.5694909
878.9413662
878.3148454
877.6899307
877.0666077
876.4448785
875.8247343
875.2061718
874.5890406
873.9736152
873.3597507
872.7474384
872.1365447
871.5273271
870.9196519
870.3135052
869.7087540
869.1056601
868.5040798
867.9038696
867.3053071
866.7082380
866.1126645
865.5184494
864.9258475
864.3347214
863.7450681
863.1568846
862.5701624
861.9848933
861.4010743
860.8187025
860.2377750
859.6582780
859.0802142
858.5037028
857.9284803
857.3548044
856.7824066
856.2115494
855.6419544
855.0738888
854.5072121
853.9419162
853.3780037
852.8154613
852.2542915
851.6946178
851.1361744
850.5792110
850.0234728
849.4692090
848.9162856
848.3647002
847.8144447
847.2655166
846.7180387
846.1717470
845.6269000
845.0833543
844.5411176
844.0001822
843.4605352
842.9221845
842.3852417
841.8495795
841.3151956
840.7820822
840.2502370
839.7196574
839.1904598
838.6625177
838.1358235
837.6103800
837.0861745
836.5633279
836.0417196
835.5213368
835.0021824
834.4842439
833.9676468
833.4521380
832.9380834
832.4251074
831.9133355
831.4028777
830.8936143
830.3855379
829.8786413
829.3730492
828.8686322
828.3653882
827.8634264
827.3625114
826.8628793
826.3644011
825.8671909
825.3711302
824.8762119
824.3824388
823.8897987
823.3984105
822.9081560
822.4191387
821.9312458
821.4444703
820.9588050
820.4743682
819.9909274
819.5088158
819.0276912
818.5477765
818.0689546
817.5913384
817.1148059
816.6393553
816.1649795
815.6917961
815.2196835
814.7487490
814.2788814
813.8100738
813.3424333
812.8758489
812.4103186
811.9459443
811.4826105
811.0203201
810.5591750
810.0990694
809.6401002
809.1820437
808.7252378
808.2694540
807.8146808
807.3609214
806.9082866
806.4566570
806.0061384
805.5566261
805.1082162
804.6608042
804.2143784
803.7690494
803.3247081
802.8814549
802.4391809
801.9978845
801.5576659
801.1185232
800.6803480
800.2431335
799.8069896
799.3717983
798.9376740
798.5044940
798.0723727
797.6411971
797.2109609
796.7817684
796.3536227
795.9264065
795.5002241
795.0749726
794.6506456
794.2273426
793.8050665
793.3837004
792.9632525
792.5438169
792.1253920
791.7078756
791.2912566
790.8757436
790.4610245
790.0473032
789.6345732
789.2227327
788.8118803
788.4020142
787.9929191
787.5849117
787.1777768
786.7715128
786.3663268
785.9618951
785.5585382
785.1559374
784.7543987
784.3537173
783.9538870
783.5551092
783.1570759
782.7600919
782.3639532
781.9686490
781.5742860
781.1808580
780.7882602
780.3965944
780.0058592
779.6159452
779.2269495
778.8388799
778.4516227
778.0651813
777.6797551
777.2951372
776.9113217
776.5285169
776.1465069
775.7653000
775.3850900
775.0055733
774.6270507
774.2493164
773.8724711
773.4965089
773.1213264
772.7470242
772.3736009
772.0009534
771.6291776
771.2582720
770.8881338
770.5188586
770.1504496
769.7829010
769.4161100
769.0501721
768.6849940
768.3207629
767.9572799
767.5946449
767.2327554
766.8718031
766.5115984
766.1521267
765.7935880
765.4357888
765.0788150
764.7226696
764.3672557
764.0127592
763.6589870
763.3060339
762.9538030
762.6024797
762.2518716
761.9020731
761.5529922
761.2048047
760.8573324
760.5106558
760.1647782
759.8196985
759.4753204
759.1318283
758.7890309
758.4470222
758.1057061
757.7652712
757.4255176
757.0866426
756.7484513
756.4110327
756.0742957
755.7384235
755.4032262
755.0688914
754.7352294
754.4023287
754.0700987
753.7387176
753.4080991
753.0781390
752.7489349
752.4205705
752.0928660
751.7659097
751.4396067
751.1141390
750.7894117
750.4653348
750.1420852
749.8194795
749.4976100
749.1764712
748.8560622
748.5363773
748.2174245
747.8991938
747.5815956
747.2648105
746.9487400
746.6332990
746.3186634
746.0046511
745.6913493
745.3788454
745.0669617
744.7557812
744.4453073
744.1355346
743.8264621
743.5180932
743.2104137
742.9034358
742.5971454
742.2915504
741.9866452
741.6824291
741.3788965
741.0760510
740.7738873
740.4724043
740.1716012
739.8714769
739.5720263
739.2732527
738.9751508
738.6777197
738.3809585
738.0848619
737.7894333
737.4946720
737.2005681
736.9071296
736.6144337
736.3223100
736.0308446
735.7401147
735.4499546
735.1605324
734.8716739
734.5835472
734.2960690
734.0092343
733.7230464
733.4374958
733.1525861
732.8683163
732.5846813
732.3017665
732.0194028
731.7377531
731.4566531
731.1762654
730.8965030
730.6173695
730.3388597
730.0609728
729.7837938
729.5071459
729.2312042
728.9558778
728.6811701
728.4070719
728.1335908
727.8607175
727.5885366
727.3169662
727.0460055
726.7756450
726.5058884
726.2367347
725.9682686
725.7003144
725.4330417
