4.150598973
4.150598973
4.150598973
4.150598973
4.150598973
4.150598973
4.150598973
4.150598973
4.150598973
4.150598973
4.150598973
4.150598973
4.150598973
4.150598973
4.150598973
4.150598973
4.150598973
4.150598973
4.150598973
4.150598973
4.150598973
4.150598973
4.150598973
4.150598973
4.150598973
4.150598973
4.150598973
4.150598973
4.150598973
4.150598973
4.150598973
4.150598973
4.150598973
4.150598973
4.150598973
4.150598973
4.150598973
4.150598973
4.150598973
4.150598973
4.150598973
4.150598973
4.150598973
4.150598973
4.150598973
4.150598973
4.150598973
4.150598973
4.150598973
4.150598973
4.150598973
4.150598973
4.150598973
4.150598973
4.150598973
4.150598973
4.150598973
4.150598973
4.150598973
4.150598973
4.150598973
4.150598973
4.150598973
4.150598973
4.150598973
4.150598973
4.150598973
4.150598973
4.150598973
4.150598973
4.150598973
4.150598973
4.150598973
4.150598973
4.150598973
4.150598973
4.150598973
4.150598973
4.150598973
4.150598973
4.150598973
4.150598973
4.150598973
4.150598973
4.150598973
4.150598973
4.150598973
4.150598973
4.150598973
4.150598973
4.150598973
4.150598973
4.150598973
4.150598973
4.150598973
4.150598973
4.150598973
4.150598973
4.150598973
4.150598973
4.150598973
4.150598973
4.150598973
4.150598973
4.150598973
4.150598973
4.150598973
4.150598973
4.150598973
4.150598973
4.150598973
4.150598973
4.150598973
4.150598973
4.150598973
4.150598973
4.150598973
4.150598973
4.150598973
4.150598973
4.150598973
4.150598973
4.150598973
4.150598973
4.150598973
4.150598973
4.150598973
4.150598973
4.150598973
4.150598973
4.150598973
4.150598973
4.150598973
4.150598973
4.150598973
4.150598973
4.150598973
4.150598973
4.150598973
4.150598973
4.150598973
4.150598973
4.150598973
4.150598973
4.150598973
4.150598973
4.150598973
4.150598973
4.150598973
4.150598973
4.150598973
4.150598973
4.150598973
4.150598973
4.150598973
4.150598973
4.150598973
4.150598973
4.150598973
4.150598973
4.150598973
4.150598973
4.150598973
4.150598973
4.150598973
4.150598973
4.150598973
4.150598973
4.150598973
4.150598973
4.150598973
4.150598973
4.150598973
4.150598973
4.150598973
4.150598973
4.150598973
4.150598973
4.150598973
4.150598973
4.150598973
4.150598973
4.150598973
4.150598973
4.150598973
4.150598973
4.150598973
4.150598973
4.150598973
4.150598973
4.150598973
4.150598973
4.150598973
4.150598973
4.150598973
4.150598973
4.150598973
4.150598973
4.150598973
4.150598973
4.150598973
4.150598973
4.150598973
4.150598973
4.150598973
4.150598973
4.150598973
4.150598973
4.150598973
4.150598973
4.150598973
4.150598973
4.150598973
4.150598973
4.150598973
4.150598973
4.150598973
4.150598973
4.150598973
4.150598973
4.150598973
4.150598973
4.150598973
4.150598973
4.150598973
4.150598973
4.150598973
4.150598973
4.150598973
4.150598973
4.150598973
4.150598973
4.150598973
4.150598973
4.150598973
4.150598973
4.150598973
4.150598973
4.150598973
4.150598973
4.150598973
4.150598973
4.150598973
4.150598973
4.150598973
4.150598973
4.150598973
4.150598973
4.150598973
4.150598973
4.150598973
4.150598973
4.150598973
4.150598973
4.150598973
4.150598973
4.150598973
4.150598973
4.150598973
4.150598973
4.150598973
4.150598973
4.150598973
4.150598973
4.150598973
4.150598973
4.150598973
4.150598973
4.150598973
4.150598973
4.150598973
4.150598973
4.150598973
4.150598973
4.150598973
4.150598973
4.150598973
4.150598973
4.150598973
4.150598973
4.150598973
4.150598973
4.150598973
4.150598973
4.150598973
4.150596931
4.150589771
4.150577400
4.150559814
4.150536982
4.150508810
4.150475252
4.150436247
4.150391638
4.150341375
4.150285289
4.150223279
4.150155128
4.150080673
4.149999694
4.149912006
4.149817316
4.149715349
4.149605812
4.149488313
4.149362526
4.149227982
4.149084186
4.148930654
4.148766778
4.148591873
4.148405235
4.148205993
4.147993172
4.147765760
4.147522516
4.147262001
4.146982595
4.146682434
4.146359267
4.146010523
4.145634205
4.145244118
4.144845109
4.144436853
4.144019141
4.143591700
4.143154299
4.142706564
4.142248245
4.141779083
4.141298683
4.140806746
4.140303001
4.139786998
4.139258423
4.138716959
4.138162109
4.137593530
4.137010865
4.136413577
4.135801273
4.135173489
4.134529821
4.133869635
4.133192503
4.132497936
4.131785268
4.131053983
4.130303560
4.129533245
4.128742469
4.127930642
4.127096921
4.126240671
4.125361216
4.124457623
4.123529177
4.122575032
4.121594413
4.120586223
4.119549609
4.118483705
4.117387274
4.116259348
4.115098932
4.113904645
4.112675398
4.111410045
4.110107023
4.108765099
4.107382967
4.105958866
4.104491369
4.102978830
4.101419715
4.099811924
4.098153751
4.096443399
4.094678508
4.092857077
4.090977060
4.089035736
4.087030821
4.084959925
4.082819928
4.080608183
4.078321906
4.075957497
4.073511882
4.070981562
4.068363124
4.065652191
4.062844950
4.059937359
4.056924366
4.053801432
4.050563826
4.047205590
4.043721372
4.040105522
4.036351038
4.032451515
4.028400221
4.024188826
4.019809670
4.015254168
4.010513695
4.005577645
4.000436097
3.995078513
3.989492078
3.983664655
3.977583261
3.971232250
3.964596563
3.957660083
3.950403433
3.942807754
3.934852708
3.926537125
3.918013977
3.909314422
3.900436466
3.891376506
3.882133167
3.872703548
3.863086276
3.853278484
3.843277844
3.833083977
3.822692505
3.812103557
3.801315807
3.790324714
3.779131006
3.767732246
3.756127209
3.744316203
3.732293945
3.720063744
3.707619557
3.694964433
3.682095542
3.669013922
3.655716009
3.642202458
3.628473851
3.614525621
3.600363125
3.585981238
3.571382597
3.556567167
3.541531457
3.526277914
3.510809270
3.495121173
3.479219723
3.463100011
3.446764197
3.430214547
3.413449075
3.396474290
3.379288013
3.361887115
3.344278255
3.326463384
3.308444279
3.290216722
3.271787721
3.253158592
3.234337223
3.215310815
3.196093711
3.176686681
3.157089916
3.137302950
3.117333770
3.097191339
3.076864976
3.056362509
3.035681028
3.014840993
2.993840417
2.972675297
2.951339102
2.929855335
2.908235647
2.886454499
2.864539557
2.842479933
2.820284205
2.797962547
2.775528142
2.752957931
2.730254765
2.707481757
2.684527717
2.661549831
2.638300204
2.615210053
2.596933467
2.578768924
2.560446249
2.542132894
2.523666522
2.505270914
2.486759677
2.468248502
2.449729475
2.431132177
2.412534272
2.393905152
2.375224511
2.356550479
2.337859583
2.319155948
2.300423636
2.281688300
2.262953186
2.244204752
2.225464516
2.206720156
2.187976678
2.169238707
2.150510604
2.131796540
2.113100497
2.094414418
2.075743256
2.057102769
2.038485555
2.019885655
2.001318121
1.982786802
1.964286163
1.945829630
1.927403064
1.909019890
1.890675712
1.872382979
1.854137369
1.835935445
1.817789030
1.799701786
1.781670304
1.763691722
1.745776939
1.727923128
1.710134149
1.692413750
1.674759591
1.657175481
1.639659417
1.622226408
1.604863172
1.587573676
1.570366818
1.553240864
1.536199163
1.519235458
1.502362828
1.485570550
1.468866766
1.452254740
1.435733279
1.419301448
1.402966576
1.386719657
1.370571943
1.354518689
1.338566750
1.322707994
1.306952795
1.291293477
1.275739951
1.260284896
1.244934573
1.229688556
1.214543332
1.199507926
1.184572959
1.169747193
1.155027441
1.140416397
1.125911148
1.111514410
1.097228713
1.083048829
1.069095727
1.055450839
1.042108028
1.029054452
1.016280243
1.003778249
0.9915351292
0.9795467747
0.9678008298
0.9562938092
0.9450162899
0.9339612584
0.9231239121
0.9124940203
0.9020692250
0.8918417599
0.8818059912
0.8719565224
0.8622881860
0.8527976803
0.8434768375
0.8343243906
0.8253342463
0.8165036976
0.8078254907
0.7992988086
0.7909182539
0.7826801518
0.7745809641
0.7666186918
0.7587885748
0.7510874125
0.7435121103
0.7360597091
0.7287286243
0.7215147102
0.7144152650
0.7074289032
0.7005506092
0.6937804025
0.6871146277
0.6805521505
0.6740895627
0.6677246601
0.6614553454
0.6552795648
0.6491964377
0.6432029183
0.6372971065
0.6314782420
0.6257434821
0.6200910962
0.6145204334
0.6090288116
0.6036146712
0.5982764426
0.5930136101
0.5878237200
0.5827053458
0.5776580208
0.5726794657
0.5677683615
0.5629242974
0.5581451451
0.5534296721
0.5487775310
0.5441867223
0.5396560939
0.5351853686
0.5307726432
0.5264168644
0.5221177833
0.5178736230
0.5136833867
0.5095468744
0.5054623930
0.5014297764
0.4974473654
0.4935143172
0.4896304739
0.4857942857
0.4820056367
0.4782623515
0.4745656905
0.4709128668
0.4673051151
0.4637397486
0.4602173354
0.4567365402
0.4532973115
0.4498983472
0.4465395991
0.4432198177
0.4399383748
0.4366952516
0.4334898376
0.4303209529
0.4271880102
0.4240904708
0.4210288818
0.4180010273
0.4150074783
0.4120477102
0.4091206645
0.4062258450
0.4033632884
0.4005324937
0.3977324778
0.3949627753
0.3922234388
0.3895135090
0.3868330635
0.3841811550
0.3815578678
0.3789622923
0.3763945016
0.3738540926
0.3713402019
0.3688524481
0.3663909158
0.3639547773
0.3615441221
0.3591585826
0.3567973733
0.3544601458
0.3521470076
0.3498576039
0.3475911893
0.3453478692
0.3431269052
0.3409284064
0.3387520664
0.3365971686
0.3344634388
0.3323509777
0.3302594889
0.3281883286
0.3261375800
0.3241066197
0.3220955413
0.3201040834
0.3181316258
0.3161782813
0.3142434344
0.3123272075
0.3104293569
0.3085492984
0.3066871435
0.3048426588
0.3030152830
0.3012048022
0.2994116590
0.2976349832
0.2958745629
0.2941305165
0.2924026386
0.2906907263
0.2889942711
0.2873133815
0.2856475711
0.2839969498
0.2823613346
0.2807405386
0.2791340858
0.2775417994
0.2759640936
0.2744002193
0.2728502850
0.2713138410
0.2697913032
0.2682816464
0.2667855670
0.2653023428
0.2638321035
0.2623746831
0.2609296756
0.2594971938
0.2580770955
0.2566692402
0.2552732116
0.2538891474
0.2525168953
0.2511560775
0.2498068095
0.2484689612
0.2471423984
0.2458267501
0.2445223812
0.2432284331
0.2419455187
0.2406732686
0.2394113261
0.2381598137
0.2369183800
0.2356873822
0.2344662373
0.2332550740
0.2320537709
0.2308622293
0.2296801132
0.2285075462
0.2273444226
0.2261906382
0.2250460952
0.2239104750
0.2227839009
0.2216662687
0.2205574900
0.2194574627
0.2183658944
0.2172828986
0.2162085856
0.2151422552
0.2140844329
0.2130348288
0.2119931531
0.2109597185
0.2099340524
0.2089162634
0.2079062754
0.2069038133
0.2059091795
0.2049221045
0.2039423281
0.2029699540
0.2020049113
0.2010471296
0.2000965260
0.1991530365
0.1982164022
0.1972869165
0.1963641546
0.1954483946
0.1945392253
0.1936367456
0.1927408963
0.1918516106
0.1909688180
0.1900924617
0.1892223077
0.1883586310
0.1875010350
0.1866497844
0.1858044998
0.1849654439
0.1841322334
0.1833049698
0.1824837607
0.1816682250
0.1808584720
0.1800544400
0.1792560801
0.1784633398
0.1776761553
0.1768944833
0.1761182729
0.1753474622
0.1745820131
0.1738218649
0.1730668266
0.1723171431
0.1715726161
0.1708332022
0.1700988472
0.1693695088
0.1686451412
0.1679256956
0.1672109936
0.1665012623
0.1657963238
0.1650961273
0.1644006373
0.1637098074
0.1630237258
0.1623420900
0.1616649860
0.1609923800
0.1603242280
0.1596606173
0.1590012568
0.1583462280
0.1576956247
0.1570492783
0.1564070297
0.1557690906
0.1551352954
0.1545056140
0.1538800028
0.1532584326
0.1526408673
0.1520272680
0.1514176030
0.1508119571
0.1502100591
0.1496121104
0.1490179608
0.1484275768
0.1478409282
0.1472579823
0.1466787064
0.1461030683
0.1455311511
0.1449628134
0.1443979094
0.1438366340
0.1432788479
0.1427246240
0.1421737245
0.1416262236
0.1410821998
0.1405415207
0.1400041571
0.1394700800
0.1389392640
0.1384117867
0.1378875132
0.1373664214
0.1368484808
0.1363336700
0.1358219619
0.1353134302
0.1348079498
0.1343054972
0.1338060432
0.1333096670
0.1328161470
0.1323256527
0.1318380654
0.1313534549
0.1308716093
0.1303926931
0.1299165928
0.1294432813
0.1289728304
0.1285050330
0.1280400566
0.1275778709
0.1271182773
0.1266614332
0.1262072268
0.1257556410
0.1253067434
0.1248603312
0.1244165678
0.1239754275
0.1235367156
0.1231005911
0.1226670289
0.1222358422
0.1218071777
0.1213809373
0.1209570976
0.1205357246
0.1201167189
0.1197000603
0.1192858143
0.1188738776
0.1184642357
0.1180568691
0.1176518453
0.1172491417
0.1168485838
0.1164503126
0.1160542332
0.1156604070
0.1152687400
0.1148792139
0.1144918922
0.1141066032
0.1137235634
0.1133426016
0.1129637025
0.1125868512
0.1122121080
0.1118393824
0.1114687344
0.1111000744
0.1107333879
0.1103687321
0.1100060233
0.1096452427
0.1092864495
0.1089295609
0.1085746288
0.1082215737
0.1078704493
0.1075211722
0.1071737290
0.1068281757
0.1064844296
0.1061425488
0.1058024468
0.1054641834
0.1051276754
0.1047929100
0.1044599447
0.1041286968
0.1037992235
0.1034714429
0.1031454117
0.1028210510
0.1024984129
0.1021774213
0.1018580646
0.1015403965
0.1012244072
0.1009100153
0.1005972160
0.1002860561
0.09997652821
0.09966855657
0.09936213024
0.09905729986
0.09875405828
0.09845232884
0.09815210305
0.09785343106
0.09755630183
0.09726064616
0.09696651177
0.09667383004
0.09638265053
0.09609290307
0.09580463699
0.09551778269
0.09523239335
0.09494839578
0.09466584091
0.09438471856
0.09410496042
0.09382655903
0.09354962063
0.09327396185
0.09299974833
0.09272685126
0.09245526745
0.09218504080
0.09191616571
0.09164857418
0.09138231375
0.09111737703
0.09085370066
0.09059127402
0.09033019988
0.09007036148
0.08981174839
0.08955440737
0.08929832954
0.08904345507
0.08878982846
0.08853744102
0.08828623169
0.08803624655
0.08778747710
0.08753986478
0.08729345162
0.08704817767
0.08680414181
0.08656118133
0.08631944072
0.08607881302
0.08583933788
0.08560096203
0.08536377553
0.08512762419
0.08489264649
0.08465873936
0.08442594372
0.08419425366
0.08396361191
0.08373406087
0.08350559479
0.08327815697
0.08305178954
0.08282648862
0.08260224340
0.08237900145
0.08215680449
0.08193564362
0.08171546867
0.08149631935
0.08127818862
0.08106106952
0.08084491083
0.08062975192
0.08041558764
0.08020241119
0.07999017036
0.07977890584
0.07956861097
0.07935928079
0.07915090871
0.07894344340
0.07873692342
0.07853134563
0.07832665919
0.07812294506
0.07792011146
0.07771819652
0.07751715006
0.07731705547
0.07711781886
0.07691947800
0.07672203005
0.07652546570
0.07632978218
0.07613493201
0.07594095256
0.07574787918
0.07555558223
0.07536418124
0.07517363072
0.07498388098
0.07479497359
0.07460689972
0.07441965530
0.07423323625
0.07404763544
0.07386281183
0.07367883720
0.07349562897
0.07331322183
0.07313161036
0.07295079071
0.07277075753
0.07259146915
0.07241299613
0.07223525908
0.07205832822
0.07188212462
0.07170668079
0.07153199159
0.07135805493
0.07118486571
0.07101241890
0.07084067260
0.07066969719
0.07049941552
0.07032989759
0.07016106377
0.06999294735
0.06982558271
0.06965888941
0.06949290199
0.06932761713
0.06916302868
0.06899913479
0.06883592938
0.06867341066
0.06851157401
0.06835041625
0.06818989603
0.06803008249
0.06787093564
0.06771245101
0.06755459191
0.06739742265
0.06724090649
0.06708503765
0.06692977987
0.06677519827
0.06662125374
0.06646790761
0.06631522866
0.06616317537
0.06601174630
0.06586090452
0.06571071274
0.06556113400
0.06541216555
0.06526380463
0.06511604716
0.06496888908
0.06482232771
0.06467636036
0.06453098438
0.06438619447
0.06424198933
0.06409839680
0.06395534937
0.06381290925
0.06367100796
0.06352970874
0.06338894084
0.06324876852
0.06310915524
0.06297009725
0.06283159339
0.06269363865
0.06255623191
0.06241940163
0.06228308107
0.06214732951
0.06201208312
0.06187740090
0.06174324857
0.06160962382
0.06147652309
0.06134394414
0.06121191489
0.06108037013
0.06094937048
0.06081887977
0.06068889832
0.06055942269
0.06043044824
0.06030197530
0.06017402890
0.06004657714
0.05991961792
0.05979314792
0.05966716507
0.05954166729
0.05941668055
0.05929217345
0.05916814275
0.05904458765
0.05892150375
0.05879891795
0.05867680047
0.05855514694
0.05843395662
0.05831322519
0.05819298049
0.05807316223
0.05795385404
0.05783496732
0.05771652990
0.05759856582
0.05748104603
0.05736396754
0.05724732733
0.05713115280
0.05701541284
0.05690010567
0.05678525502
0.05667080575
0.05655681053
0.05644323863
0.05633011478
0.05621741071
0.05610512357
0.05599325281
0.05588179445
0.05577077413
0.05566016390
0.05554998589
0.05544021344
0.05533084379
0.05522187421
0.05511333001
0.05500515793
0.05489743139
0.05479007269
0.05468313047
0.05457657748
0.05447043765
0.05436468276
0.05425931127
0.05415432056
0.05404973550
0.05394552810
0.05384172095
0.05373828840
0.05363522789
0.05353256186
0.05343026485
0.05332833542
0.05322679480
0.05312561663
0.05302480058
0.05292436778
0.05282429417
0.05272459976
0.05262523500
0.05252627214
0.05242766063
0.05232939700
0.05223148097
0.05213393549
0.05203673378
0.05193989766
0.05184340363
0.05174727134
0.05165147740
0.05155601842
0.05146091708
0.05136614910
0.05127173500
0.05117765060
0.05108389467
0.05099048760
0.05089742801
0.05080469197
0.05071227724
0.05062020610
0.05052845274
0.05043704041
0.05034594236
0.05025518176
0.05016473402
0.05007459696
0.04998479161
0.04989531768
0.04980614980
0.04971730887
0.04962877264
0.04954053897
0.04945262767
0.04936503850
0.04927774640
0.04919075227
0.04910407477
0.04901771270
0.04893164418
0.04884586616
0.04876042075
0.04867524299
0.04859037399
0.04850581160
0.04842153420
0.04833756118
0.04825389139
0.04817048011
0.04808739121
0.04800458002
0.04792204554
0.04783982906
0.04775786413
0.04767621499
0.04759481640
0.04751372949
0.04743291214
0.04735236243
0.04727212019
0.04719212270
0.04711243057
0.04703300206
0.04695383435
0.04687494815
0.04679634146
0.04671799267
0.04663992144
0.04656212673
0.04648458612
0.04640731824
0.04633032395
0.04625358002
0.04617708651
0.04610088221
0.04602492552
0.04594921464
0.04587379003
0.04579860847
0.04572367096
0.04564901497
0.04557458024
0.04550042516
0.04542650875
0.04535285011
0.04527944742
0.04520627990
0.04513336657
0.04506070653
0.04498827910
0.04491610234
0.04484417533
0.04477247755
0.04470102694
0.04462982352
0.04455886552
0.04448813256
0.04441764247
0.04434737672
0.04427737074
0.04420758570
0.04413804020
0.04406871409
0.04399964344
0.04393079146
0.04386215480
0.04379377109
0.04372560288
0.04365766595
0.04358996037
0.04352246715
0.04345522103
0.04338818488
0.04332137610
0.04325477583
0.04318841861
0.04312226755
0.04305633995
0.04299061796
0.04292513417
0.04285985453
0.04279479366
0.04272995168
0.04266532783
0.04260090361
0.04253671300
0.04247271976
0.04240894093
0.04234535813
0.04228200597
0.04221884679
0.04215591676
0.04209317918
0.04203065010
0.04196831218
0.04190619886
0.04184427454
0.04178257339
0.04172105991
0.04165975001
0.04159862654
0.04153772180
0.04147701944
0.04141649992
0.04135618069
0.04129607660
0.04123615428
0.04117642945
0.04111688437
0.04105755178
0.04099841393
0.04093945398
0.04088070371
0.04082212932
0.04076374719
0.04070555587
0.04064755475
0.04058974241
0.04053211984
0.04047468481
0.04041742076
0.04036035984
0.04030348386
0.04024677712
0.04019027084
0.04013393186
0.04007777550
0.04002181696
0.03996602404
0.03991041119
0.03985497864
0.03979972500
0.03974464972
0.03968975301
0.03963503195
0.03958048834
0.03952611926
0.03947192573
0.03941790640
0.03936406073
0.03931038740
0.03925688664
0.03920355713
0.03915039834
0.03909740972
0.03904459075
0.03899194013
0.03893945809
0.03888714336
0.03883499539
0.03878301368
0.03873119695
0.03867954544
0.03862805865
0.03857673454
0.03852557414
0.03847459054
0.03842375372
0.03837307835
0.03832257747
0.03827222197
0.03822204069
0.03817200308
0.03812213794
0.03807243051
0.03802287957
0.03797348537
0.03792424596
0.03787516161
0.03782623184
0.03777745546
0.03772884680
0.03768037650
0.03763207222
0.03758390544
0.03753590371
0.03748805184
0.03744035010
0.03739279731
0.03734539303
0.03729815143
0.03725104208
0.03720409449
0.03715729288
0.03711063754
0.03706412658
0.03701776103
0.03697153900
0.03692547454
0.03687955343
0.03683377528
0.03678813820
0.03674264250
0.03669728778
0.03665208796
0.03660701320
0.2126080541
