3570000.000
3570000.000
3570000.000
3570000.000
3570000.000
3570000.000
3570000.000
3570000.000
3570000.000
3570000.000
3570000.000
3570000.000
3570000.000
3570000.000
3570000.000
3570000.000
3570000.000
3570000.000
3570000.000
3570000.000
3570000.000
3570000.000
3570000.000
3570000.000
3570000.000
3570000.000
3570000.000
3570000.000
3570000.000
3570000.000
3570000.000
3570000.000
3570000.000
3570000.000
3570000.000
3570000.000
3570000.000
3570000.000
3570000.000
3570000.000
3570000.000
3570000.000
3570000.000
3570000.000
3570000.000
3570000.000
3570000.000
3570000.000
3570000.000
3570000.000
3570000.000
3570000.000
3570000.000
3570000.000
3570000.000
3570000.000
3570000.000
3570000.000
3570000.000
3570000.000
3570000.000
3570000.000
3570000.000
3570000.000
3570000.000
3570000.000
3570000.000
3570000.000
3570000.000
3570000.000
3570000.000
3570000.000
3570000.000
3570000.000
3570000.000
3570000.000
3570000.000
3570000.000
3570000.000
3570000.000
3570000.000
3570000.000
3570000.000
3570000.000
3570000.000
3570000.000
3570000.000
3570000.000
3570000.000
3570000.000
3570000.000
3570000.000
3570000.000
3570000.000
3570000.000
3570000.000
3570000.000
3570000.000
3570000.000
3570000.000
3570000.000
3570000.000
3570000.000
3570000.000
3570000.000
3570000.000
3570000.000
3570000.000
3570000.000
3570000.000
3570000.000
3570000.000
3570000.000
3570000.000
3570000.000
3570000.000
3570000.000
3570000.000
3570000.000
3570000.000
3570000.000
3570000.000
3570000.000
3570000.000
3570000.000
3570000.000
3570000.000
3570000.000
3570000.000
3570000.000
3570000.000
3570000.000
3570000.000
3570000.000
3570000.000
3570000.000
3570000.000
3570000.000
3570000.000
3570000.000
3570000.000
3570000.000
3570000.000
3570000.000
3570000.000
3570000.000
3570000.000
3570000.000
3570000.000
3570000.000
3570000.000
3570000.000
3570000.000
3570000.000
3570000.000
3570000.000
3570000.000
3570000.000
3570000.000
3570000.000
3570000.000
3570000.000
3570000.000
3570000.000
3570000.000
3570000.000
3570000.000
3570000.000
3570000.000
3570000.000
3570000.000
3570000.000
3570000.000
3570000.000
3570000.000
3570000.000
3570000.000
3570000.000
3570000.000
3570000.000
3570000.000
3570000.000
3570000.000
3570000.000
3570000.000
3570000.000
3570000.000
3570000.000
3570000.000
3570000.000
3570000.000
3570000.000
3570000.000
3570000.000
3570000.000
3570000.000
3570000.000
3570000.000
3570000.000
3570000.000
3570000.000
3570000.000
3570000.000
3570000.000
3570000.000
3570000.000
3570000.000
3570000.000
3570000.000
3570000.000
3570000.000
3570000.000
3570000.000
3570000.000
3570000.000
3570000.000
3570000.000
3570000.000
3570000.000
3570000.000
3570000.000
3570000.000
3570000.000
3570000.000
3570000.000
3570000.000
3570000.000
3570000.000
3570000.000
3570000.000
3570000.000
3570000.000
3570000.000
3570000.000
3570000.000
3570000.000
3570000.000
3570000.000
3570000.000
3570000.000
3570000.000
3570000.000
3570000.000
3570000.000
3570000.000
3570000.000
3570000.000
3570000.000
3570000.000
3570000.000
3570000.000
3570000.000
3570000.000
3570000.000
3570000.000
3570000.000
3570000.000
3570000.000
3570000.000
3570000.000
3570000.000
3570000.000
3570000.000
3570000.000
3570000.000
3570000.000
3570000.000
3570000.000
3570000.000
3570000.000
3570000.000
3570000.000
3570000.000
3570000.000
3570000.000
3570000.000
3570000.000
3570000.000
3570000.000
3570000.000
3570000.000
3570000.000
3570000.000
3570000.000
3570000.000
3569997.717
3569989.711
3569975.879
3569956.215
3569930.685
3569899.185
3569861.662
3569818.049
3569768.170
3569711.969
3569649.258
3569579.923
3569503.723
3569420.474
3569329.930
3569231.886
3569126.014
3569012.007
3568889.536
3568758.164
3568617.526
3568467.100
3568306.332
3568134.679
3567951.463
3567755.921
3567547.262
3567324.517
3567086.594
3566832.363
3566560.436
3566269.209
3565956.870
3565621.335
3565260.092
3564870.268
3564449.633
3564013.618
3563567.645
3563111.349
3562644.499
3562166.791
3561677.964
3561177.607
3560665.438
3560141.169
3559604.361
3559054.681
3558491.826
3557915.298
3557324.744
3556719.814
3556099.952
3555464.780
3554813.899
3554146.711
3553462.780
3552761.590
3552042.692
3551305.380
3550549.179
3549773.546
3548977.740
3548161.187
3547323.311
3546463.271
3545580.438
3544674.155
3543743.487
3542787.729
3541806.130
3540797.657
3539761.513
3538696.764
3537602.548
3536477.649
3535321.121
3534132.007
3532908.933
3531650.828
3530356.592
3529024.692
3527653.926
3526243.024
3524790.257
3523294.262
3521753.596
3520166.309
3518530.827
3516845.330
3515108.127
3513316.894
3511469.752
3509564.720
3507599.191
3505570.961
3503477.777
3501316.638
3499085.031
3496780.326
3494399.087
3491938.406
3489395.224
3486765.581
3484046.104
3481232.952
3478322.384
3475309.594
3472190.408
3468960.401
3465614.037
3462146.355
3458552.188
3454825.017
3450959.004
3446947.991
3442784.332
3438461.058
3433970.849
3429304.628
3424454.084
3419409.891
3414162.709
3408701.021
3403014.097
3397090.555
3390916.525
3384478.922
3377763.767
3370754.184
3363433.998
3355785.919
3347789.128
3339423.447
3330667.151
3321519.681
3312149.909
3302592.511
3292845.697
3282905.927
3272772.120
3262441.546
3251913.159
3241184.299
3230252.912
3219119.093
3207778.588
3196232.083
3184478.688
3172514.035
3160339.513
3147953.085
3135354.051
3122543.391
3109516.043
3096276.280
3082818.263
3069146.016
3055257.219
3041153.751
3026832.548
3012295.116
2997542.894
2982571.814
2967388.479
2951988.263
2936374.886
2920549.214
2904508.450
2888256.157
2871796.203
2855124.941
2838249.848
2821166.730
2803878.914
2786389.849
2768698.504
2750812.826
2732731.606
2714452.675
2695984.159
2677329.240
2658490.922
2639465.966
2620262.873
2600884.198
2581339.329
2561616.189
2541730.881
2521685.414
2501481.216
2481119.059
2460608.417
2439959.719
2419163.266
2398228.350
2377153.285
2355960.175
2334648.217
2313214.607
2291654.040
2269991.547
2248240.055
2226375.121
2204425.777
2182382.343
2160254.644
2138054.027
2115794.751
2093455.130
2071039.277
2048610.576
2026060.780
2003545.418
1980823.063
1958315.944
1940543.041
1922916.234
1905173.674
1887478.159
1869673.473
1851975.832
1834206.260
1816476.385
1798778.862
1781046.886
1763354.980
1745674.350
1727986.223
1710346.018
1692731.825
1675147.867
1657579.539
1640051.250
1622566.295
1605112.328
1587709.656
1570347.075
1553029.497
1535761.437
1518547.127
1501390.586
1484295.625
1467255.054
1450273.582
1433365.659
1416524.660
1399745.338
1383041.384
1366416.303
1349865.178
1333400.045
1317008.319
1300701.973
1284477.107
1268344.703
1252300.888
1236342.612
1220480.181
1204716.675
1189049.004
1173474.588
1158002.741
1142630.868
1127362.132
1112199.558
1097140.950
1082189.356
1067342.866
1052613.939
1037991.086
1023477.420
1009080.126
994797.4422
980631.8416
966577.8174
952645.8684
938826.7927
925126.9567
911548.6514
898090.5087
884751.3806
871536.8039
858439.0847
845466.8767
832615.9221
819891.2515
807285.9262
794807.7300
782450.1067
770220.3915
758112.3305
746130.3329
734273.5431
722538.7243
710932.3364
699446.6085
688087.7477
676852.7575
665743.1374
654756.1169
643893.1963
633155.7028
622539.1347
612132.9843
601996.0226
592121.4221
582497.5085
573114.9494
563966.5225
555040.5933
546332.3816
537831.2055
529532.9111
521429.1338
513513.3396
505780.6505
498222.3948
490835.5796
483613.4323
476550.7621
469642.6062
462884.2207
456272.2151
449799.8632
443465.2882
437263.3075
431191.1238
425242.8583
419417.0921
413709.3043
408116.1926
402634.5837
397262.3752
391995.6318
386831.5059
381767.2506
376800.2385
371928.7814
367149.5130
362460.0558
357858.9219
353342.2574
348909.5414
344557.8605
340285.9700
336091.1628
331971.5376
327925.2809
323950.6245
320046.5692
316210.7408
312441.5188
308738.0226
305098.0589
301520.1592
298003.5490
294546.1834
291146.7408
287803.9055
284517.0314
281284.2715
278104.4337
274976.9306
271900.0604
268872.7284
265894.4071
262963.5212
260079.0569
257240.5488
254446.5303
251696.0621
248988.7420
246323.1895
243698.5481
241114.4513
238569.6199
236063.2521
233595.0277
231163.7406
228769.1011
226409.9377
224085.5710
221795.7302
219539.3289
217316.1296
215124.6927
212965.5948
210837.0512
208739.6279
206671.6128
204633.1904
202623.4449
200642.2068
198688.5895
196762.4317
194862.8866
192989.4683
191142.0415
189320.1355
187522.9604
185750.0678
184001.0401
182276.0736
180573.8108
178894.4672
177237.6431
175602.6440
173989.0936
172396.9147
170825.7321
169274.9063
167744.0890
166233.2193
164741.6803
163269.4286
161815.8597
160380.9371
158964.0826
157565.2567
156184.1616
154820.2518
153473.2468
152143.1193
150829.3506
149531.9189
148250.5569
146984.7752
145734.3221
144499.1900
143279.1255
142073.6693
140882.8163
139706.1147
138543.5637
137394.9431
136259.8183
135137.9901
134029.4571
132934.0099
131851.2591
130781.1968
129723.4473
128678.0102
127644.7003
126623.1485
125613.3663
124614.9897
123628.0369
122652.3378
121687.5484
120733.6836
119790.5814
118857.9137
117935.5315
117023.6203
116121.6981
115229.6195
114347.4070
113474.9194
112612.0177
111758.4097
110914.1153
110078.8556
109252.6520
108435.3794
107626.9113
106826.9783
106035.4611
105252.5343
104477.7954
103711.2682
102952.7008
102202.2694
101459.4401
100724.5277
99997.14948
99277.34213
98564.99741
97859.89067
97162.05131
96471.38438
95787.79632
95111.06059
94441.21985
93778.17634
93121.72428
92471.89639
91828.60717
91191.76968
90561.18384
89937.00289
89318.79476
88706.83145
88100.91578
87500.85756
86906.69536
86318.24273
85735.64946
85158.62054
84587.19805
84021.30621
83460.88014
82905.74406
82355.93844
81811.39631
81272.05168
80737.84180
80208.60151
79684.37214
79165.08890
78650.69481
78141.12678
77636.23411
77136.05426
76640.62296
76149.60263
75663.22097
75181.33004
74703.78290
74230.70888
73761.87799
73297.32651
72837.00630
72380.77900
71928.76936
71480.84192
71036.86618
70596.87691
70160.82977
69728.68094
69300.38110
68875.88969
68455.07888
68038.06914
67624.65858
67214.96075
66808.78082
66406.15227
66007.03822
65611.39836
65219.19105
64830.38084
64444.85408
64062.72269
63683.80146
63308.19771
62935.73453
62566.51835
62200.37123
61837.32887
61477.42929
61120.49664
60766.57015
60415.61426
60067.59909
59722.49335
59380.26101
59040.87503
58704.30529
58370.51697
58039.48576
57711.17762
57385.50254
57062.55863
56742.25288
56424.55930
56109.44734
55796.89168
55486.86566
55179.34137
54874.23582
54571.63921
54271.46880
53973.69637
53678.30026
53385.25439
53094.58960
52806.17155
52520.03044
52236.14592
51954.49337
51675.10347
51397.84780
51122.75489
50849.85827
50579.08145
50310.35230
50043.75388
49779.21135
49516.70675
49256.21666
48997.72354
48741.20727
48486.64653
48234.02305
47983.36689
47734.56087
47487.68336
47242.66740
46999.49439
46758.14727
46518.60782
46280.85806
46044.88017
45810.70374
45578.26629
45347.50391
45118.49187
44891.16896
44665.56060
44441.56587
44219.21077
43998.52314
43779.44509
43561.96083
43346.05470
43131.71249
42918.96171
42707.74396
42498.04669
42289.85385
42083.15320
41877.93020
41674.21081
41471.94126
41271.10864
41071.69787
40873.73702
40677.13437
40481.95408
40288.14559
40095.73325
39904.62973
39714.89707
39526.48710
39339.38598
39153.61895
38969.10114
38785.89560
38603.98737
38423.29524
38243.87824
38065.68949
37888.71944
37712.99171
37538.42415
37365.07784
37192.93993
37021.93175
36852.11259
36683.46998
36515.92861
36349.54294
36184.27224
36020.10496
35857.06410
35695.10866
35534.22840
35374.44615
35215.71963
35058.04090
34901.40011
34745.82084
34591.29200
34437.74442
34285.22990
34133.70979
33983.20543
33833.67860
33685.12018
33537.55228
33390.90730
33245.26559
33100.55986
32956.78231
32813.92526
32672.00952
32530.99881
32390.91385
32251.71877
32113.40623
31975.99587
31839.45422
31703.77235
31568.97065
31435.01620
31301.92663
31169.67025
31038.26549
30907.67928
30777.90494
30648.96160
30520.81675
30393.49026
30266.94826
30141.21136
30016.24691
29892.04865
29768.63619
29645.97737
29524.09170
29402.94736
29282.56373
29162.91017
29044.00431
28925.81664
28808.34142
28691.59694
28575.57804
28460.25343
28345.61995
28231.69332
28118.46938
28005.91904
27894.03693
27782.84020
27672.32484
27562.46157
27453.24601
27344.69509
27236.80346
27129.54470
27022.93485
26916.94778
26811.60018
26706.86542
26602.76011
26499.25789
26396.37675
26294.08911
26192.41214
26091.34097
25990.84989
25890.93509
25791.63354
25692.87836
25594.72778
25497.13457
25400.09650
25303.62819
25207.72654
25112.36623
25017.56314
24923.31358
24829.59398
24736.39955
24643.76576
24551.65015
24460.04805
24368.97504
24278.42698
24188.38173
24098.85406
24009.83993
23921.31687
23833.30018
23745.78592
23658.75258
23572.21402
23486.14828
23400.58916
23315.47871
23230.86670
23146.71478
23063.03597
22979.81081
22897.06986
22814.75852
22732.92422
22651.53022
22570.58994
22490.10052
22410.04125
22330.42607
22251.25217
22172.49913
22094.18076
22016.29495
21938.83717
21861.78858
21785.16282
21708.95608
21633.15033
21557.75853
21482.77752
21408.20417
21334.02020
21260.23841
21186.85633
21113.87092
21041.26364
20969.04772
20897.22021
20825.77873
20754.72037
20684.02696
20613.71100
20543.77077
20474.18834
20404.99058
20336.14568
20267.66596
20199.53380
20131.77684
20064.36265
19997.30343
19930.59761
19864.24144
19798.23339
19732.55687
19667.22391
19602.24580
19537.57838
19473.26126
19409.27859
19345.61313
19282.27830
19219.27057
19156.58804
19094.22880
19032.18992
18970.45717
18909.05399
18847.95229
18787.16314
18726.68422
18666.51374
18606.64939
18547.07685
18487.81905
18428.84914
18370.18992
18311.81475
18253.73392
18195.94525
18138.44758
18081.23875
18024.31662
17967.66693
17911.31242
17855.22721
17799.43390
17743.90584
17688.65355
17633.68786
17578.98192
17524.54666
17470.38054
17416.48112
17362.84739
17309.47692
17256.36872
17203.52086
17150.93190
17098.58794
17046.51113
16994.68803
16943.11678
16891.78507
16840.71341
16789.88947
16739.31098
16688.96582
16638.87471
16589.02461
16539.40262
16490.03063
16440.89485
16391.99444
16343.31713
16294.88279
16246.67914
16198.70495
16150.95897
16103.43955
16056.14504
16009.07423
15962.22593
15915.59894
15869.19123
15823.00207
15777.04002
15731.28315
15685.75104
15640.42148
15595.31435
15550.40675
15505.71888
15461.23875
15416.96487
15372.89657
15329.03193
15285.37032
15241.92046
15198.66087
15155.61006
15112.74750
15070.09160
15027.63119
14985.36528
14943.29245
14901.41171
14859.73160
14818.23124
14776.92950
14735.81468
14694.88662
14654.14397
14613.58500
14573.20955
14533.02521
14493.02171
14453.19811
14413.55313
14374.08586
14334.79540
14295.68962
14256.75844
14218.00059
14179.41560
14141.00182
14102.76743
14064.70287
14026.80654
13989.07800
13951.51564
13914.12790
13876.89580
13839.84509
13802.94802
13766.21301
13729.64729
13693.24161
13656.99484
13620.90583
13584.98281
13549.21596
13513.60450
13478.15555
13442.85188
13407.70952
13372.71879
13337.88709
13303.20551
13268.67296
13234.28907
13200.05243
13165.97070
13132.03510
13098.25220
13064.61365
13031.11840
12997.76542
12964.56226
12931.49244
12898.57822
12865.79565
12833.15941
12800.66100
12768.30751
12736.09017
12704.00832
12672.06099
12640.25556
12608.58334
12577.05101
12545.65061
12514.38117
12483.24935
12452.24723
12421.37422
12390.63657
12360.02613
12329.54263
12299.19230
12268.96770
12238.87470
12208.89819
12179.05980
12149.34411
12119.74993
12090.27702
12060.93211
12031.70700
12002.60810
11973.62818
11944.77298
11916.03533
11887.41408
11858.91585
11830.53324
11802.27223
11774.12543
11746.09234
11718.17890
11690.38455
11662.70200
11635.13044
11607.67638
11580.33197
11553.10400
11525.98437
11498.97983
11472.08293
11445.29289
11418.61582
11392.05149
11365.59225
11339.24415
11313.00046
11286.86043
11260.82980
11234.90834
11209.08853
11183.37050
11157.75964
11132.25547
11106.85140
11081.54640
11056.35278
11031.25125
11006.25382
10981.35971
10956.56246
10931.86764
10907.27479
10882.77066
10858.37388
10834.07123
10809.86229
10785.75906
10761.74195
10737.82965
10714.00296
10690.27966
10666.64730
10643.10523
10619.66495
10596.30806
10573.05212
10549.88486
10526.80534
10503.81950
10480.92664
10458.12037
10435.40630
10412.78403
10390.24692
10367.80031
10345.44432
10323.17211
10300.98361
10278.88996
10256.87900
10234.95012
10213.11492
10191.36081
10169.68796
10148.10713
10126.60080
10105.18575
10083.85003
10062.59908
10041.43227
10020.34352
9999.338211
9978.415998
9957.570838
9936.807832
9916.126630
9895.521238
9874.996726
9854.553009
9834.189489
9813.900230
9793.690264
9773.554190
9753.502075
9733.522707
9713.621331
9693.792096
9674.045237
9654.370146
9634.765788
9615.242833
9595.790499
9576.413213
9557.110911
9537.878101
9518.724602
9499.639755
9480.628437
9461.685208
9442.819809
9424.021675
9405.295649
9386.636583
9368.053653
9349.537118
9331.091055
9312.715419
9294.409922
9276.169249
9258.002947
9239.900687
9221.867218
9203.897275
9186.000565
9168.166375
9150.404849
9132.705557
9115.072959
9097.502098
9080.002332
9062.563557
9045.195328
9027.887584
9010.644737
8993.461895
8976.348076
8959.298614
8942.307957
8925.380937
8908.521659
8891.720693
8874.982385
8858.301703
8841.687754
8825.135499
8808.640168
8792.210587
8775.837240
8759.524646
8743.272342
8727.080094
8710.947442
8694.874604
8678.860899
8662.901650
8647.005758
8631.168093
8615.384229
8599.662796
8583.994512
8568.383579
8552.834165
8537.337265
8521.896840
8506.512891
8491.184985
8475.912908
8460.696663
8445.535389
8430.429525
8415.378214
8400.381678
8385.439496
8370.551462
8355.717157
8340.936592
8326.209352
8311.535236
8296.914044
8282.345577
8267.829427
8253.365608
8238.953714
8224.593552
8210.284929
8196.027442
8181.821111
8167.665747
8153.560742
8139.506328
8125.506053
8111.551627
8097.647027
8083.795786
8069.989867
8056.237135
8042.529174
8028.873820
8015.266986
8001.708291
7988.197763
7974.734819
7961.319489
7947.951600
7934.630778
7921.360891
7908.133885
7894.957260
7881.823192
7868.739155
7855.700960
7842.708639
7829.761830
7816.860369
7804.008070
7791.196612
7778.433980
7765.715840
7753.042230
7740.412598
7727.827181
7715.285429
7702.791108
7690.340326
7677.932929
7665.568373
7653.246702
7640.967766
7628.735293
7616.541175
178978.6579
