0.1815192360
0.1815192360
0.1815192360
0.1815192360
0.1815192360
0.1815192360
0.1815192360
0.1815192360
0.1815192360
0.1815192360
0.1815192360
0.1815192360
0.1815192360
0.1815192360
0.1815192360
0.1815192360
0.1815192360
0.1815192360
0.1815192360
0.1815192360
0.1815192360
0.1815192360
0.1815192360
0.1815192360
0.1815192360
0.1815192360
0.1815192360
0.1815192360
0.1815192360
0.1815192360
0.1815192360
0.1815192360
0.1815192360
0.1815192360
0.1815192360
0.1815192360
0.1815192360
0.1815192360
0.1815192360
0.1815192360
0.1815192360
0.1815192360
0.1815192360
0.1815192360
0.1815192360
0.1815192360
0.1815192360
0.1815192360
0.1815192360
0.1815192360
0.1815192360
0.1815192360
0.1815192360
0.1815192360
0.1815192360
0.1815192360
0.1815192360
0.1815192360
0.1815192360
0.1815192360
0.1815192360
0.1815192360
0.1815192360
0.1815192360
0.1815192360
0.1815192360
0.1815192360
0.1815192360
0.1815192360
0.1815192360
0.1815192360
0.1815192360
0.1815192360
0.1815192360
0.1815192360
0.1815192360
0.1815192360
0.1815192360
0.1815192360
0.1815192360
0.1815192360
0.1815192360
0.1815192360
0.1815192360
0.1815192360
0.1815192360
0.1815192360
0.1815192360
0.1815192360
0.1815192360
0.1815192360
0.1815192360
0.1815192360
0.1815192360
0.1815192360
0.1815192360
0.1815192360
0.1815192360
0.1815192360
0.1815192360
0.1815192360
0.1815192360
0.1815192360
0.1815192360
0.1815192360
0.1815192360
0.1815192360
0.1815192360
0.1815192360
0.1815192360
0.1815192360
0.1815192360
0.1815192360
0.1815192360
0.1815192360
0.1815192360
0.1815192360
0.1815192360
0.1815192360
0.1815192360
0.1815192360
0.1815192360
0.1815192360
0.1815192360
0.1815192360
0.1815192360
0.1815192360
0.1815192360
0.1815192360
0.1815192360
0.1815192360
0.1815192360
0.1815192360
0.1815192360
0.1815192360
0.1815192360
0.1815192360
0.1815192360
0.1815192360
0.1815192360
0.1815192360
0.1815192360
0.1815192360
0.1815192360
0.1815192360
0.1815192360
0.1815192360
0.1815192360
0.1815192360
0.1815192360
0.1815192360
0.1815192360
0.1815192360
0.1815192360
0.1815192360
0.1815192360
0.1815192360
0.1815192360
0.1815192360
0.1815192360
0.1815192360
0.1815192360
0.1815192360
0.1815192360
0.1815192360
0.1815192360
0.1815192360
0.1815192360
0.1815192360
0.1815192360
0.1815192360
0.1815192360
0.1815192360
0.1815192360
0.1815192360
0.1815192360
0.1815192360
0.1815192360
0.1815192360
0.1815192360
0.1815192360
0.1815192360
0.1815192360
0.1815192360
0.1815192360
0.1815192360
0.1815192360
0.1815192360
0.1815192360
0.1815192360
0.1815192360
0.1815192360
0.1815192360
0.1815192360
0.1815192360
0.1815192360
0.1815192360
0.1815192360
0.1815192360
0.1815192360
0.1815192360
0.1815192360
0.1815192360
0.1815192360
0.1815192360
0.1815192360
0.1815192360
0.1815192360
0.1815192360
0.1815192360
0.1815192360
0.1815192360
0.1815192360
0.1815192360
0.1815192360
0.1815192360
0.1815192360
0.1815192360
0.1815192360
0.1815192360
0.1815192360
0.1815192360
0.1815192360
0.1815192360
0.1815192360
0.1815192360
0.1815192360
0.1815192360
0.1815192360
0.1815192360
0.1815192360
0.1815192360
0.1815192360
0.1815192360
0.1815192360
0.1815192360
0.1815192360
0.1815192360
0.1815192360
0.1815192360
0.1815192360
0.1815192360
0.1815192360
0.1815192360
0.1815192360
0.1815192360
0.1815192360
0.1815192360
0.1815192360
0.1815192360
0.1815192360
0.1815192360
0.1815192360
0.1815192360
0.1815192360
0.1815192360
0.1815192360
0.1815192360
0.1815192360
0.1815192360
0.1815192360
0.1815192360
0.1815192360
0.1815192360
0.1815192360
0.1815192360
0.1815192360
0.1815192360
0.1815192360
0.1815192360
0.1815192360
0.1815192360
0.1815192360
0.1815192360
0.1815192360
0.1815192360
0.1815192360
0.1815192360
0.1815192360
0.1815192360
0.1815192360
0.1815192360
0.1815192360
0.1815192360
0.1815192360
0.1815080724
0.1814689322
0.1814014005
0.1813054931
0.1811812326
0.1810282249
0.1808465063
0.1806359794
0.1803961310
0.1801270200
0.1798281496
0.1794994539
0.1791403135
0.1787504003
0.1783292557
0.1778765721
0.1773916337
0.1768738773
0.1763227536
0.1757373101
0.1751170283
0.1744608517
0.1737677442
0.1730368302
0.1722668434
0.1714564077
0.1706041777
0.1697084309
0.1687672118
0.1677787460
0.1667406295
0.1656501123
0.1645042450
0.1632996212
0.1620321273
0.1606972327
0.1592935865
0.1578771193
0.1564671092
0.1550632931
0.1536658030
0.1522746388
0.1508899293
0.1495114162
0.1481392291
0.1467734949
0.1454139590
0.1440607490
0.1427139902
0.1413734313
0.1400391984
0.1387114149
0.1373898332
0.1360745774
0.1347657692
0.1334631646
0.1321668859
0.1308769331
0.1295934256
0.1283161239
0.1270451482
0.1257806160
0.1245222915
0.1232702929
0.1220247361
0.1207853887
0.1195523672
0.1183257856
0.1171054153
0.1158913709
0.1146837647
0.1134823715
0.1122873042
0.1110985628
0.1099162573
0.1087401671
0.1075704028
0.1064070726
0.1052499595
0.1040991723
0.1029548174
0.1018166814
0.1006848713
0.09955949176
0.09844033287
0.09732749987
0.09622109566
0.09512091388
0.09402705799
0.09293952799
0.09185842442
0.09078354564
0.08971499275
0.08865286451
0.08759696283
0.08654738704
0.08550423414
0.08446730956
0.08343671087
0.08241253331
0.08139458583
0.08038296425
0.07937776201
0.07837879164
0.07738614716
0.07639982858
0.07541992699
0.07444625961
0.07347891814
0.07251799188
0.07156330161
0.07061493723
0.06967298631
0.06873727314
0.06780788587
0.06688491027
0.06596817421
0.06505776404
0.06415376378
0.06325600482
0.06236457176
0.06147946459
0.06060076497
0.05972830901
0.05886217895
0.05800245466
0.05714897581
0.05630182285
0.05546107389
0.05462657214
0.05379839628
0.05297662266
0.05216109801
0.05135189926
0.05054910098
0.04975469893
0.04898398489
0.04823895380
0.04751842872
0.04682119422
0.04614628259
0.04549268180
0.04485954764
0.04424598852
0.04365120553
0.04307455805
0.04251521651
0.04197264411
0.04144624974
0.04093532257
0.04043943579
0.03995804020
0.03949066547
0.03903691785
0.03859621724
0.03816832078
0.03775266903
0.03734903549
0.03695700759
0.03657630870
0.03620654216
0.03584744542
0.03549876174
0.03516011558
0.03483138683
0.03451221186
0.03420241848
0.03390177727
0.03361000287
0.03332693676
0.03305242395
0.03278619281
0.03252815646
0.03227805160
0.03203573867
0.03180108122
0.03157388687
0.03135408452
0.03114148803
0.03093591493
0.03073730252
0.03054553205
0.03036048740
0.03018199742
0.03001000902
0.02984441360
0.02968516212
0.02953203627
0.02938504863
0.02924409946
0.02910909120
0.02897992847
0.02885657430
0.02873899334
0.02862703955
0.02852068138
0.02841983285
0.02832452153
0.02823466466
0.02815018135
0.02807099249
0.02799713172
0.02792857841
0.02786520266
0.02780704240
0.02775402626
0.02770613967
0.02766336947
0.02762570389
0.02759307748
0.02756548133
0.02754296297
0.02752540615
0.02751291614
0.02750537949
0.02750290417
0.02750444435
0.02750901015
0.02751665734
0.02752733217
0.02754114649
0.02755793748
0.02757787310
0.02760084655
0.02762686160
0.02765603287
0.02768825495
0.02772358835
0.02776209427
0.02780366865
0.02784837365
0.02789621676
0.02794726139
0.02800146071
0.02805882376
0.02811941569
0.02818319107
0.02825021625
0.02832050253
0.02839406177
0.02847090637
0.02855104923
0.02863450383
0.02872134036
0.02881157363
0.02890516259
0.02900217936
0.02910269698
0.02920667605
0.02931413417
0.02942514635
0.02953967461
0.02965785242
0.02977964305
0.02990512461
0.03003426130
0.03016713261
0.03030381914
0.03044428690
0.03058855992
0.03073672102
0.03088885416
0.03104492765
0.03120502699
0.03136918016
0.03153741581
0.03170982224
0.03188642985
0.03206732908
0.03225243301
0.03244195269
0.03263592221
0.03283431623
0.03303722997
0.03324469957
0.03345688323
0.03367369794
0.03389536518
0.03412186448
0.03435323677
0.03458958543
0.03483101542
0.03507750910
0.03532929812
0.03558630474
0.03584870140
0.03611647413
0.03638986189
0.03666878981
0.03695350072
0.03724392123
0.03754029814
0.03784262413
0.03815102131
0.03846567882
0.03878652760
0.03911389096
0.03944770234
0.03978815858
0.04013532690
0.04048940906
0.04085047611
0.04121860022
0.04159405754
0.04197366340
0.04235499362
0.04273791107
0.04312248278
0.04350870782
0.04389651578
0.04428604441
0.04467715350
0.04506998204
0.04546438857
0.04586044228
0.04625814226
0.04665741593
0.04705840535
0.04746096601
0.04786516863
0.04827101229
0.04867849606
0.04908761903
0.04949830649
0.04991070479
0.05032466511
0.05074026034
0.05115741453
0.05157627650
0.05199669497
0.05241874406
0.05284242284
0.05326773039
0.05369458894
0.05412307382
0.05455318410
0.05498491887
0.05541827721
0.05585317981
0.05628970354
0.05672784747
0.05716753139
0.05760891268
0.05805183151
0.05849636627
0.05894243551
0.05939011824
0.05983941354
0.06029032050
0.06074283819
0.06119688366
0.06165253743
0.06210979858
0.06256858323
0.06302897283
0.06349096647
0.06395447934
0.06441959381
0.06488630896
0.06535462388
0.06582445255
0.06629587857
0.06676890100
0.06724343294
0.06771955886
0.06819727786
0.06867650211
0.06915731700
0.06963972163
0.07012362726
0.07060912019
0.07109619951
0.07158477558
0.07207493561
0.07256667871
0.07305991430
0.07355473053
0.07405112648
0.07454901068
0.07504847219
0.07554941892
0.07605194052
0.07655603610
0.07706161266
0.07756876078
0.07807738685
0.07858767504
0.07909934548
0.07961267623
0.08012738560
0.08064375346
0.08116159083
0.08168099067
0.08220185700
0.08272428339
0.08324817325
0.08377362076
0.08430062503
0.08482908854
0.08535900948
0.08589048325
0.08642350895
0.08695808568
0.08749401632
0.08803159337
0.08857061944
0.08911109270
0.08965311066
0.09019667244
0.09074167720
0.09128812314
0.09183610899
0.09238563383
0.09293659565
0.09348909407
0.09404302647
0.09459849307
0.09515539064
0.09571382001
0.09627367737
0.09683496090
0.09739777234
0.09796211078
0.09852787121
0.09909515625
0.09966386028
0.1002339815
0.1008056235
0.1013787853
0.1019533600
0.1025293461
0.1031068480
0.1036857582
0.1042661819
0.1048480109
0.1054312434
0.1060159855
0.1066022364
0.1071898865
0.1077789342
0.1083694868
0.1089614338
0.1095548834
0.1101497246
0.1107459555
0.1113436850
0.1119428013
0.1125434139
0.1131454103
0.1137487887
0.1143536595
0.1149599094
0.1155675365
0.1161766522
0.1167872555
0.1173991183
0.1180124658
0.1186272971
0.1192434967
0.1198610630
0.1204799940
0.1211004035
0.1217221749
0.1223454224
0.1229700288
0.1235959923
0.1242233111
0.1248521007
0.1254823602
0.1261138532
0.1267468130
0.1273811206
0.1280168927
0.1286538905
0.1292924692
0.1299322702
0.1305735304
0.1312161288
0.1318600637
0.1325054541
0.1331521779
0.1338002336
0.1344496192
0.1351004549
0.1357526177
0.1364061058
0.1370610402
0.1377172969
0.1383748743
0.1390337704
0.1396941076
0.1403556364
0.1410187279
0.1416830075
0.1423485977
0.1430156222
0.1436839544
0.1443537185
0.1450246611
0.1456970327
0.1463707056
0.1470456779
0.1477219480
0.1483996419
0.1490786306
0.1497589123
0.1504404854
0.1511233480
0.1518076277
0.1524931940
0.1531800453
0.1538681796
0.1545575954
0.1552484216
0.1559405262
0.1566337763
0.1573285640
0.1580244937
0.1587216948
0.1594202982
0.1601200375
0.1608211760
0.1615235797
0.1622272468
0.1629323094
0.1636384983
0.1643459454
0.1650547837
0.1657648772
0.1664762243
0.1671888232
0.1679026721
0.1686177694
0.1693342497
0.1700518387
0.1707708079
0.1714908817
0.1722123328
0.1729350224
0.1736589488
0.1743841102
0.1751105049
0.1758381312
0.1765671268
0.1772972113
0.1780286623
0.1787611982
0.1794950976
0.1802300780
0.1809664190
0.1817039784
0.1824426127
0.1831826033
0.1839238071
0.1846662223
0.1854098473
0.1861546802
0.1869007195
0.1876479634
0.1883964101
0.1891460580
0.1898969053
0.1906489503
0.1914023364
0.1921567720
0.1929124002
0.1936692192
0.1944272273
0.1951864229
0.1959468042
0.1967083695
0.1974712644
0.1982351929
0.1990003002
0.1997665847
0.2005340447
0.2013026784
0.2020723351
0.2028433109
0.2036154554
0.2043887668
0.2051632434
0.2059387330
0.2067155347
0.2074934965
0.2082724654
0.2090525904
0.2098340218
0.2106164543
0.2114000379
0.2121847708
0.2129706514
0.2137576780
0.2145458489
0.2153351623
0.2161256166
0.2169170556
0.2177097863
0.2185034978
0.2192983428
0.2200943197
0.2208914268
0.2216896623
0.2224890247
0.2232895121
0.2240909659
0.2248935410
0.2256973930
0.2265022056
0.2273081343
0.2281150190
0.2289231746
0.2297324413
0.2305426581
0.2313539820
0.2321664115
0.2329799446
0.2337945799
0.2346101550
0.2354268283
0.2362445981
0.2370634627
0.2378834205
0.2387044698
0.2395264465
0.2403495109
0.2411736612
0.2419988957
0.2428250494
0.2436524471
0.2444807600
0.2453101500
0.2461404508
0.2469719895
0.2478044351
0.2486379505
0.2494725340
0.2503080181
0.2511447326
0.2519823437
0.2528208490
0.2536605800
0.2545012013
0.2553428780
0.2561856084
0.2570292228
0.2578740554
0.2587197681
0.2595663583
0.2604141621
0.2612628397
0.2621123884
0.2629631461
0.2638147711
0.2646674317
0.2655211261
0.2663756815
0.2672312670
0.2680878809
0.2689453495
0.2698038426
0.2706633586
0.2715238959
0.2723852797
0.2732475074
0.2741109241
0.2749751809
0.2758404497
0.2767065543
0.2775736670
0.2784417862
0.2793107349
0.2801808618
0.2810516386
0.2819234142
0.2827961870
0.2836699554
0.2845445408
0.2854201179
0.2862965077
0.2871738854
0.2880522494
0.2889314199
0.2898115728
0.2906927066
0.2915746406
0.2924575516
0.2933412585
0.2942259386
0.2951114103
0.2959978514
0.2968852605
0.2977734548
0.2986626132
0.2995525525
0.3004434522
0.3013351285
0.3022277613
0.3031213491
0.3040157073
0.3049110167
0.3058070921
0.3067041150
0.3076018997
0.3085006280
0.3094001139
0.3103005396
0.3112019036
0.3121040189
0.3130068832
0.3139106799
0.3148154073
0.3157208775
0.3166270881
0.3175342235
0.3184422822
0.3193510752
0.3202606000
0.3211710422
0.3220824002
0.3229944839
0.3239072909
0.3248210078
0.3257354438
0.3266507860
0.3275668430
0.3284838025
0.3294014725
0.3303200413
0.3312393165
0.3321594866
0.3330803589
0.3340019308
0.3349243920
0.3358477408
0.3367715907
0.3376965169
0.3386219393
0.3395482415
0.3404754219
0.3414032850
0.3423318285
0.3432612443
0.3441913364
0.3451221023
0.3460537347
0.3469862321
0.3479192016
0.3488530320
0.3497877215
0.3507230723
0.3516590819
0.3525959449
0.3535334626
0.3544716326
0.3554106503
0.3563503162
0.3572906278
0.3582317813
0.3591735765
0.3601162099
0.3610592814
0.3620033867
0.3629479254
0.3638932945
0.3648392922
0.3657861168
0.3667333649
0.3676816368
0.3686303276
0.3695798375
0.3705299630
0.3714807017
0.3724322538
0.3733844150
0.3743371830
0.3752907586
0.3762449369
0.3771997156
0.3781550923
0.3791112689
0.3800680394
0.3810254015
0.3819835579
0.3829423017
0.3839016306
0.3848615424
0.3858222407
0.3867835178
0.3877453713
0.3887077989
0.3896710053
0.3906347818
0.3915991259
0.3925640355
0.3935295082
0.3944957500
0.3954625509
0.3964299084
0.3973980295
0.3983664939
0.3993357178
0.4003054897
0.4012760175
0.4022468789
0.4032184922
0.4041906449
0.4051633347
0.4061365594
0.4071103167
0.4080848162
0.4090598441
0.4100351860
0.4110114766
0.4119880765
0.4129651959
0.4139430458
0.4149214111
0.4159002895
0.4168796788
0.4178595767
0.4188399809
0.4198211041
0.4208025144
0.4217846397
0.4227672628
0.4237503815
0.4247339934
0.4257180963
0.4267029047
0.4276879832
0.4286737631
0.4296598081
0.4306465505
0.4316337710
0.4326214673
0.4336096371
0.4345982783
0.4355873884
0.4365771846
0.4375672265
0.4385579503
0.4395489149
0.4405405575
0.4415326563
0.4425249883
0.4435179924
0.4445114460
0.4455053468
0.4464996927
0.4474944814
0.4484897106
0.4494853782
0.4504814819
0.4514780195
0.4524752120
0.4534726111
0.4544704374
0.4554686889
0.4564675873
0.4574666825
0.4584661961
0.4594661260
0.4604666950
0.4614674511
0.4624686167
0.4634704156
0.4644723942
0.4654747759
0.4664775584
0.4674809663
0.4684845442
0.4694885163
0.4704928805
0.4714976347
0.4725027766
0.4735083040
0.4745142147
0.4755205067
0.4765271776
0.4775342253
0.4785416477
0.4795492129
0.4805573778
0.4815656807
0.4825745794
0.4835836113
0.4845932352
0.4856029874
0.4866130964
0.4876235600
0.4886343762
0.4896455426
0.4906570573
0.4916686853
0.4926808896
0.4936932025
0.4947060877
0.4957190768
0.4967324007
0.4977460572
0.4987600442
0.4997743596
0.5007887664
0.5018037317
0.5028187837
0.5038341551
0.5048498436
0.5058658471
0.5068821636
0.5078987908
0.5089154900
0.5099324952
0.5109498043
0.5119674153
0.5129853258
0.5140035339
0.5150217994
0.5160403577
0.5170592068
0.5180783444
0.5190977684
0.5201172377
0.5211369887
0.5221570194
0.5231773276
0.5241979113
0.5252185280
0.5262396561
0.5272605716
0.5282819944
0.5293036816
0.5303253896
0.5313473575
0.5323695831
0.5333920644
0.5344145567
0.5354373000
0.5364602922
0.5374832881
0.5385067717
0.5395302542
0.5405539769
0.5415776936
0.5426016457
0.5436258312
0.5446502481
0.5456748943
0.5466995224
0.5477243752
0.5487492049
0.5497742547
0.5507995224
0.5518250062
0.5528504572
0.5538763664
0.5549019912
0.5559280702
0.5569541068
0.5579803461
0.5590065380
0.5600329281
0.5610595143
0.5620862945
0.5631130179
0.5641399307
0.5651667816
0.5661938175
0.5672210363
0.5682481860
0.5692755141
0.5703030186
0.5713304466
0.5723580466
0.5733858164
0.5744135026
0.5754413541
0.5764691171
0.5774972929
0.5785251235
0.5795531105
0.5805812517
0.5816095453
0.5826377360
0.5836660745
0.5846943053
0.5857226794
0.5867509409
0.5877793412
0.5888078785
0.5898362960
0.5908648459
0.5918932712
0.5929218244
0.5939505038
0.5949790513
0.5960074644
0.5970359966
0.5980646461
0.5990931540
0.6001217747
0.6011502491
0.6021788318
0.6032072634
0.6042357989
0.6052644364
0.6062929157
0.6073212341
0.6083496478
0.6093778958
0.6104062346
0.6114346623
0.6124629174
0.6134909971
0.6145191590
0.6155474011
0.6165754609
0.6176033358
0.6186312842
0.6196593041
0.6206868708
0.6217147658
0.6227424643
0.6237699636
0.6247975234
0.6258248793
0.6268520287
0.6278794947
0.6289064869
0.6299335285
0.6309606177
0.6319872252
0.6330141393
0.6340405666
0.6350672967
0.6360935348
0.6371198072
0.6381461119
0.6391719167
0.6401980145
0.6412236074
0.6422492236
0.6432748613
0.6443002524
0.6453253943
0.6463505511
0.6473754541
0.6484001007
0.6494247557
0.6504491497
0.6514732801
0.6524974123
0.6535215445
0.6545451381
0.6555687270
0.6565923093
0.6576153453
0.6586383701
0.6596613818
0.6606838395
0.6617065492
0.6627286999
0.6637508288
0.6647726635
0.6657942016
0.6668157115
0.6678369202
0.6688578252
0.6698786956
0.6708992577
0.6719195091
0.6729397195
0.6739596146
0.6749791920
0.6759984492
0.6770176567
0.6780365394
0.6790553683
0.6800735945
0.6810917623
0.6821095959
0.6831273672
0.6841445254
0.6851616167
0.6861786392
0.6871950412
0.6882113700
0.6892273483
0.6902429737
0.6912585196
0.6922734322
0.6932882607
0.6943027271
0.6953171054
0.6963308403
0.6973444828
0.6983577537
0.6993709282
0.7003834491
0.7013958692
0.7024079085
0.7034195647
0.7044308354
0.7054419968
0.7064524895
0.7074628684
0.7084728527
0.7094827192
0.7104919071
0.7115009729
0.7125093549
0.7135176104
0.7145254574
0.7155331739
0.7165401967
0.7175470848
0.7185532741
0.7195593242
0.7205649520
0.7215704367
0.7225752128
0.7235795594
0.7245837565
0.7255875198
0.7265905643
0.7275934528
0.7285959005
0.7295981884
0.7305997477
0.7316008592
0.7326018044
0.7336020134
0.7346020519
0.7356016337
0.7366007564
0.7375994178
0.7385976155
0.7395953471
0.7405926105
0.7415896889
0.7425860089
0.7435818537
0.7445775072
0.7455723948
0.7465670869
0.7475612950
0.7485547299
0.7495479629
0.7505407050
0.7515329540
0.7525247075
0.7535159633
0.7545067191
0.7554969727
0.7564867217
0.7574759639
0.7584646971
0.7594529190
0.7604406273
0.7614278198
0.7624144941
0.7634006482
0.7643862797
0.7653713863
0.7663559659
0.7673400162
0.7683235350
0.7693065200
0.7702889689
0.7712708797
0.7722522500
0.7732330776
0.7742133603
0.7751930959
0.7761722822
0.7771506245
0.7781287053
0.7791062301
0.7800829038
0.7810593099
0.7820348601
0.7830101386
0.7839845566
0.7849584050
0.7859316817
0.7869043846
0.7878765113
0.7888480598
0.7898190279
0.7907894134
0.7917589189
0.7927281325
0.7936964615
0.7946644945
0.7956316382
0.7965981859
0.7975641355
0.7985294849
0.7994942319
0.8004580775
0.8014216130
0.8023842425
0.8033462607
0.8043076654
0.8052684545
0.8062286259
0.8071881773
0.8081468086
0.8091048154
0.8100621956
0.8110189471
0.8119750677
0.8129305554
0.8138851088
0.8148393241
0.8157926006
