3000.000000
3000.000000
3000.000000
3000.000000
3000.000000
3000.000000
3000.000000
3000.000000
3000.000000
3000.000000
3000.000000
3000.000000
3000.000000
3000.000000
3000.000000
3000.000000
3000.000000
3000.000000
3000.000000
3000.000000
3000.000000
3000.000000
3000.000000
3000.000000
3000.000000
3000.000000
3000.000000
3000.000000
3000.000000
3000.000000
3000.000000
3000.000000
3000.000000
3000.000000
3000.000000
3000.000000
3000.000000
3000.000000
3000.000000
3000.000000
3000.000000
3000.000000
3000.000000
3000.000000
3000.000000
3000.000000
3000.000000
3000.000000
3000.000000
3000.000000
3000.000000
3000.000000
3000.000000
3000.000000
3000.000000
3000.000000
3000.000000
3000.000000
3000.000000
3000.000000
3000.000000
3000.000000
3000.000000
3000.000000
3000.000000
3000.000000
3000.000000
3000.000000
3000.000000
3000.000000
3000.000000
3000.000000
3000.000000
3000.000000
3000.000000
3000.000000
3000.000000
3000.000000
3000.000000
3000.000000
3000.000000
3000.000000
3000.000000
3000.000000
3000.000000
3000.000000
3000.000000
3000.000000
3000.000000
3000.000000
3000.000000
3000.000000
3000.000000
3000.000000
3000.000000
3000.000000
3000.000000
3000.000000
3000.000000
3000.000000
3000.000000
3000.000000
3000.000000
3000.000000
3000.000000
3000.000000
3000.000000
3000.000000
3000.000000
3000.000000
3000.000000
3000.000000
3000.000000
3000.000000
3000.000000
3000.000000
3000.000000
3000.000000
3000.000000
3000.000000
3000.000000
3000.000000
3000.000000
3000.000000
3000.000000
3000.000000
3000.000000
3000.000000
3000.000000
3000.000000
3000.000000
3000.000000
3000.000000
3000.000000
3000.000000
3000.000000
3000.000000
3000.000000
3000.000000
3000.000000
3000.000000
3000.000000
3000.000000
3000.000000
3000.000000
3000.000000
3000.000000
3000.000000
3000.000000
3000.000000
3000.000000
3000.000000
3000.000000
3000.000000
3000.000000
3000.000000
3000.000000
3000.000000
3000.000000
3000.000000
3000.000000
3000.000000
3000.000000
3000.000000
3000.000000
3000.000000
3000.000000
3000.000000
3000.000000
3000.000000
3000.000000
3000.000000
3000.000000
3000.000000
3000.000000
3000.000000
3000.000000
3000.000000
3000.000000
3000.000000
3000.000000
3000.000000
3000.000000
3000.000000
3000.000000
3000.000000
3000.000000
3000.000000
3000.000000
3000.000000
3000.000000
3000.000000
3000.000000
3000.000000
3000.000000
3000.000000
3000.000000
3000.000000
3000.000000
3000.000000
3000.000000
3000.000000
3000.000000
3000.000000
3000.000000
3000.000000
3000.000000
3000.000000
3000.000000
3000.000000
3000.000000
3000.000000
3000.000000
3000.000000
3000.000000
3000.000000
3000.000000
3000.000000
3000.000000
3000.000000
3000.000000
3000.000000
3000.000000
3000.000000
3000.000000
3000.000000
3000.000000
3000.000000
3000.000000
3000.000000
3000.000000
3000.000000
3000.000000
3000.000000
3000.000000
3000.000000
3000.000000
3000.000000
3000.000000
3000.000000
3000.000000
3000.000000
3000.000000
3000.000000
3000.000000
3000.000000
3000.000000
3000.000000
3000.000000
3000.000000
3000.000000
3000.000000
3000.000000
3000.000000
3000.000000
3000.000000
3000.000000
3000.000000
3000.000000
3000.000000
3000.000000
3000.000000
3000.000000
3000.000000
3000.000000
3000.000000
3000.000000
3000.000000
3000.000000
3000.000000
3000.000000
3000.000000
3000.000000
3000.000000
3000.000000
3000.000000
3000.000000
3000.000000
3000.000000
3000.000000
3000.000000
3000.000000
3000.000000
3000.000000
3000.000000
2999.999557
2999.998005
2999.995322
2999.991509
2999.986558
2999.980449
2999.973173
2999.964715
2999.955042
2999.944142
2999.931980
2999.918533
2999.903755
2999.887609
2999.870048
2999.851032
2999.830497
2999.808384
2999.784629
2999.759146
2999.731866
2999.702685
2999.671498
2999.638197
2999.602652
2999.564715
2999.524230
2999.481011
2999.434844
2999.385510
2999.332740
2999.276220
2999.215599
2999.150472
2999.080350
2999.004673
2998.923008
2998.838349
2998.751748
2998.663135
2998.572462
2998.479671
2998.384711
2998.287500
2998.187984
2998.086105
2997.981777
2997.874936
2997.765520
2997.653432
2997.538603
2997.420964
2997.300405
2997.176851
2997.050224
2996.920407
2996.787311
2996.650837
2996.510895
2996.367345
2996.220095
2996.069035
2995.914020
2995.754936
2995.591668
2995.424051
2995.251959
2995.075261
2994.893773
2994.707354
2994.515855
2994.319070
2994.116841
2993.908981
2993.695319
2993.475612
2993.249672
2993.017306
2992.778242
2992.532264
2992.279151
2992.018598
2991.750363
2991.474190
2991.189734
2990.896719
2990.594855
2990.283750
2989.963085
2989.632495
2989.291635
2988.940039
2988.577323
2988.203087
2987.816802
2987.418020
2987.006280
2986.580975
2986.141590
2985.687587
2985.218265
2984.733028
2984.231244
2983.712107
2983.174917
2982.618883
2982.043231
2981.446971
2980.829236
2980.189102
2979.525425
2978.837167
2978.123245
2977.382301
2976.613105
2975.814359
2974.984458
2974.121926
2973.225205
2972.292377
2971.321666
2970.311078
2969.258604
2968.161782
2967.018291
2965.825658
2964.580889
2963.281121
2961.923287
2960.503702
2959.018787
2957.464700
2955.836839
2954.130680
2952.341331
2950.468177
2948.545383
2946.579771
2944.570690
2942.517119
2940.418531
2938.274043
2936.083110
2933.844839
2931.558447
2929.223588
2926.838991
2924.404405
2921.919239
2919.382146
2916.792984
2914.150870
2911.455189
2908.705671
2905.900733
2903.040783
2900.124029
2897.150799
2894.120026
2891.031545
2887.884087
2884.677369
2881.411079
2878.083666
2874.695929
2871.246153
2867.734465
2864.160341
2860.522404
2856.820697
2853.055325
2849.224654
2845.329584
2841.368311
2837.340743
2833.246806
2829.085357
2824.857352
2820.561573
2816.196539
2811.763209
2807.261352
2802.690683
2798.049376
2793.338440
2788.557430
2783.707581
2778.784776
2773.791889
2768.728283
2763.593152
2758.385491
2753.106512
2747.757698
2742.335299
2736.840460
2731.271440
2725.632795
2719.923044
2714.140120
2708.281206
2702.351735
2696.353944
2690.279716
2684.135708
2677.917816
2671.627376
2665.266198
2658.836996
2652.332060
2645.751034
2639.111166
2632.378834
2625.599028
2618.697211
2611.800469
2606.311195
2600.828711
2595.271045
2589.688317
2584.030363
2578.365203
2572.634962
2566.874804
2561.081864
2555.233508
2549.353558
2543.431843
2537.461271
2531.459867
2525.419615
2519.341313
2513.219199
2507.061093
2500.867561
2494.633590
2488.365805
2482.059573
2475.716032
2469.336216
2462.921098
2456.471605
2449.988626
2443.468857
2436.913496
2430.327601
2423.708098
2417.052356
2410.365268
2403.647779
2396.897430
2390.118680
2383.305888
2376.463555
2369.589605
2362.688284
2355.757565
2348.795707
2341.806817
2334.791947
2327.749408
2320.677681
2313.580676
2306.456922
2299.307608
2292.133909
2284.934550
2277.710753
2270.461368
2263.192330
2255.897826
2248.579201
2241.239952
2233.879100
2226.497848
2219.093232
2211.670735
2204.225421
2196.760667
2189.277750
2181.775962
2174.254693
2166.717145
2159.158995
2151.585325
2143.993789
2136.387520
2128.762523
2121.123683
2113.467188
2105.797808
2098.111875
2090.412438
2082.699256
2939.929234
2941.150908
2942.359220
2943.553367
2944.733510
2945.899374
2947.051115
2948.188469
2949.311189
2950.419652
2951.504442
2952.559424
2953.585310
2954.583344
2955.554517
2956.499610
2957.419868
2958.315828
2959.188635
2960.038766
2960.867143
2961.674478
2962.461335
2963.228655
2963.976795
2964.706514
2965.418387
2966.112980
2966.790834
2967.452349
2968.098256
2968.728809
2969.344578
2969.945903
2970.533425
2971.107345
2971.668161
2972.216256
2972.751996
2973.275642
2973.787632
2974.288292
2974.777944
2975.256891
2975.725348
2976.183681
2976.632174
2977.071010
2977.500607
2977.921056
2978.332682
2978.735638
2979.130229
2979.516675
2979.895181
2980.265956
2980.629130
2980.984965
2981.333641
2981.675283
2982.010125
2982.338338
2982.660029
2982.975411
2983.284642
2983.587875
2983.885193
2984.176801
2984.462829
2984.743361
2985.018581
2985.288609
2985.553524
2985.813489
2986.068622
2986.318986
2986.564738
2986.805984
2987.042780
2987.275273
2987.503560
2987.727693
2987.947808
2988.163990
2988.376291
2988.584832
2988.789658
2988.990892
2989.188607
2989.382845
2989.573719
2989.761263
2989.945616
2990.126748
2990.304823
2990.479813
2990.651873
2990.821005
2990.987302
2991.150789
2991.311554
2991.469626
2991.625090
2991.777995
2991.928369
2992.076260
2992.221749
2992.364881
2992.505704
2992.644212
2992.780528
2992.914644
2993.046606
2993.176477
2993.304301
2993.430093
2993.553893
2993.675760
2993.795733
2993.913827
2994.030098
2994.144561
2994.257268
2994.368235
2994.477513
2994.585116
2994.691072
2994.795436
2994.898231
2994.999472
2995.099205
2995.197439
2995.294201
2995.389538
2995.483473
2995.576015
2995.667189
2995.757037
2995.845565
2995.932816
2996.018792
2996.103520
2996.187035
2996.269359
2996.350499
2996.430474
2996.509319
2996.587041
2996.663671
2996.739216
2996.813695
2996.887137
2996.959551
2997.030964
2997.101380
2997.170818
2997.239306
2997.306847
2997.373458
2997.439167
2997.503988
2997.567913
2997.630978
2997.693200
2997.754580
2997.815132
2997.874871
2997.933820
2997.991980
2998.049377
2998.106011
2998.161893
2998.217039
2998.271467
2998.325192
2998.378203
2998.430532
2998.482178
2998.533166
2998.583482
2998.633169
2998.682206
2998.730623
2998.778421
2998.825609
2998.872206
2998.918211
2998.963634
2999.008483
2999.052776
2999.096515
2999.139705
2999.182365
2999.224494
2999.266100
2999.307192
2999.347783
2999.387868
2999.427476
2999.466590
2999.505228
2999.543402
2999.581114
2999.618375
2999.655179
2999.691547
2999.727478
2999.762979
2999.798054
2999.832719
2999.866972
2999.900820
2999.934266
2999.967317
2999.999987
3000.032273
3000.064181
3000.095718
3000.126886
3000.157699
3000.188155
3000.218254
3000.248017
3000.277432
3000.306510
3000.335261
3000.363679
3000.391779
3000.419559
3000.447025
3000.474187
3000.501038
3000.527586
3000.553842
3000.579805
3000.605479
3000.630865
3000.655972
3000.680800
3000.705358
3000.729642
3000.753663
3000.777417
3000.800914
3000.824157
3000.847145
3000.869885
3000.892378
3000.914628
3000.936642
3000.958416
3000.979961
3001.001271
3001.022357
3001.043215
3001.063855
3001.084277
3001.104478
3001.124471
3001.144253
3001.163827
3001.183196
3001.202363
3001.221331
3001.240100
3001.258675
3001.277058
3001.295251
3001.313257
3001.331080
3001.348717
3001.366174
3001.383453
3001.400556
3001.417484
3001.434242
3001.450829
3001.467253
3001.483508
3001.499599
3001.515529
3001.531300
3001.546914
3001.562368
3001.577673
3001.592825
3001.607828
3001.622683
3001.637388
3001.651952
3001.666372
3001.680649
3001.694787
3001.708790
3001.722653
3001.736383
3001.749980
3001.763446
3001.776781
3001.789988
3001.803069
3001.816025
3001.828853
3001.841564
3001.854150
3001.866616
3001.878965
3001.891197
3001.903314
3001.915316
3001.927206
3001.938983
3001.950650
3001.962209
3001.973659
3001.985002
3001.996239
3002.007373
3002.018405
3002.029332
3002.040160
3002.050888
3002.061518
3002.072051
3002.082485
3002.092825
3002.103072
3002.113225
3002.123286
3002.133257
3002.143136
3002.152926
3002.162629
3002.172244
3002.181772
3002.191218
3002.200576
3002.209852
3002.219045
3002.228158
3002.237188
3002.246139
3002.255011
3002.263805
3002.272522
3002.281162
3002.289725
3002.298215
3002.306630
3002.314971
3002.323242
3002.331439
3002.339567
3002.347622
3002.355609
3002.363528
3002.371377
3002.379159
3002.386875
3002.394525
3002.402110
3002.409631
3002.417087
3002.424480
3002.431810
3002.439078
3002.446285
3002.453432
3002.460519
3002.467546
3002.474513
3002.481424
3002.488275
3002.495071
3002.501809
3002.508492
3002.515119
3002.521691
3002.528211
3002.534675
3002.541086
3002.547445
3002.553752
3002.560007
3002.566212
3002.572364
3002.578468
3002.584522
3002.590527
3002.596483
3002.602392
3002.608253
3002.614066
3002.619833
3002.625553
3002.631227
3002.636857
3002.642442
3002.647981
3002.653478
3002.658929
3002.664339
3002.669705
3002.675029
3002.680311
3002.685552
3002.690751
3002.695910
3002.701028
3002.706106
3002.711145
3002.716145
3002.721105
3002.726028
3002.730912
3002.735758
3002.740567
3002.745339
3002.750074
3002.754773
3002.759436
3002.764063
3002.768655
3002.773211
3002.777733
3002.782221
3002.786675
3002.791094
3002.795481
3002.799834
3002.804154
3002.808442
3002.812698
3002.816922
3002.821115
3002.825276
3002.829406
3002.833505
3002.837573
3002.841612
3002.845621
3002.849599
3002.853549
3002.857469
3002.861360
3002.865224
3002.869058
3002.872864
3002.876643
3002.880394
3002.884117
3002.887814
3002.891484
3002.895127
3002.898743
3002.902334
3002.905899
3002.909437
3002.912951
3002.916439
3002.919902
3002.923341
3002.926754
3002.930143
3002.933508
3002.936850
3002.940167
3002.943461
3002.946732
3002.949979
3002.953204
3002.956405
3002.959585
3002.962741
3002.965876
3002.968989
3002.972080
3002.975149
3002.978197
3002.981224
3002.984230
3002.987215
3002.990179
3002.993123
3002.996046
3002.998949
3003.001832
3003.004695
3003.007539
3003.010363
3003.013168
3003.015954
3003.018720
3003.021468
3003.024197
3003.026908
3003.029600
3003.032274
3003.034930
3003.037568
3003.040188
3003.042790
3003.045375
3003.047943
3003.050493
3003.053027
3003.055543
3003.058042
3003.060525
3003.062992
3003.065442
3003.067876
3003.070294
3003.072696
3003.075081
3003.077452
3003.079806
3003.082146
3003.084468
3003.086777
3003.089071
3003.091349
3003.093613
3003.095861
3003.098096
3003.100315
3003.102521
3003.104711
3003.106889
3003.109051
3003.111199
3003.113335
3003.115456
3003.117563
3003.119657
3003.121738
3003.123805
3003.125860
3003.127900
3003.129928
3003.131944
3003.133946
3003.135936
3003.137913
3003.139877
3003.141830
3003.143769
3003.145697
3003.147612
3003.149516
3003.151408
3003.153287
3003.155155
3003.157012
3003.158856
3003.160690
3003.162511
3003.164322
3003.166121
3003.167909
3003.169686
3003.171453
3003.173208
3003.174953
3003.176686
3003.178410
3003.180122
3003.181824
3003.183516
3003.185197
3003.186868
3003.188529
3003.190180
3003.191821
3003.193452
3003.195073
3003.196684
3003.198285
3003.199877
3003.201459
3003.203032
3003.204595
3003.206149
3003.207693
3003.209229
3003.210755
3003.212272
3003.213780
3003.215279
3003.216769
3003.218250
3003.219723
3003.221187
3003.222642
3003.224088
3003.225526
3003.226956
3003.228377
3003.229790
3003.231194
3003.232590
3003.233979
3003.235358
3003.236731
3003.238095
3003.239451
3003.240799
3003.242139
3003.243472
3003.244797
3003.246114
3003.247424
3003.248726
3003.250020
3003.251307
3003.252587
3003.253859
3003.255124
3003.256382
3003.257633
3003.258876
3003.260113
3003.261342
3003.262565
3003.263780
3003.264989
3003.266191
3003.267386
3003.268574
3003.269755
3003.270930
3003.272098
3003.273260
3003.274415
3003.275564
3003.276706
3003.277841
3003.278971
3003.280094
3003.281211
3003.282322
3003.283427
3003.284525
3003.285617
3003.286704
3003.287784
3003.288858
3003.289927
3003.290989
3003.292046
3003.293096
3003.294142
3003.295181
3003.296215
3003.297243
3003.298265
3003.299282
3003.300293
3003.301299
3003.302299
3003.303294
3003.304284
3003.305268
3003.306246
3003.307220
3003.308188
3003.309151
3003.310109
3003.311062
3003.312010
3003.312952
3003.313889
3003.314822
3003.315749
3003.316672
3003.317589
3003.318502
3003.319410
3003.320313
3003.321211
3003.322104
3003.322993
3003.323877
3003.324757
3003.325631
3003.326501
3003.327367
3003.328228
3003.329084
3003.329936
3003.330784
3003.331627
3003.332465
3003.333300
3003.334130
3003.334955
3003.335776
3003.336594
3003.337406
3003.338215
3003.339019
3003.339820
3003.340615
3003.341407
3003.342195
3003.342979
3003.343759
3003.344535
3003.345307
3003.346074
3003.346838
3003.347598
3003.348354
3003.349107
3003.349855
3003.350599
3003.351340
3003.352078
3003.352811
3003.353540
3003.354266
3003.354988
3003.355707
3003.356422
3003.357133
3003.357841
3003.358545
3003.359246
3003.359943
3003.360637
3003.361327
3003.362013
3003.362697
3003.363377
3003.364053
3003.364726
3003.365396
3003.366062
3003.366725
3003.367385
3003.368042
3003.368695
3003.369345
3003.369992
3003.370636
3003.371276
3003.371913
3003.372548
3003.373179
3003.373807
3003.374432
3003.375053
3003.375672
3003.376288
3003.376900
3003.377510
3003.378117
3003.378721
3003.379322
3003.379920
3003.380515
3003.381107
3003.381696
3003.382283
3003.382867
3003.383447
3003.384025
3003.384600
3003.385173
3003.385742
3003.386310
3003.386874
3003.387435
3003.387994
3003.388550
3003.389104
3003.389655
3003.390203
3003.390749
3003.391292
3003.391832
3003.392370
3003.392905
3003.393438
3003.393968
3003.394496
3003.395021
3003.395544
3003.396064
3003.396582
3003.397097
3003.397610
3003.398121
3003.398629
3003.399135
3003.399638
3003.400139
3003.400638
3003.401134
3003.401628
3003.402120
3003.402609
3003.403097
3003.403582
3003.404064
3003.404545
3003.405023
3003.405499
3003.405972
3003.406444
3003.406913
3003.407381
3003.407846
3003.408309
3003.408769
3003.409228
3003.409685
3003.410139
3003.410591
3003.411042
3003.411490
3003.411936
3003.412380
3003.412822
3003.413262
3003.413701
3003.414137
3003.414571
3003.415003
3003.415433
3003.415861
3003.416288
3003.416712
3003.417134
3003.417555
3003.417973
3003.418390
3003.418805
3003.419218
3003.419629
3003.420038
3003.420446
3003.420851
3003.421255
3003.421657
3003.422057
3003.422456
3003.422852
3003.423247
3003.423640
3003.424031
3003.424421
3003.424808
3003.425195
3003.425579
3003.425962
3003.426343
3003.426722
3003.427100
3003.427476
3003.427850
3003.428222
3003.428593
3003.428962
3003.429330
3003.429696
3003.430061
3003.430424
3003.430785
3003.431144
3003.431503
3003.431859
3003.432214
3003.432567
3003.432919
3003.433269
3003.433618
3003.433966
3003.434311
3003.434655
3003.434998
3003.435339
3003.435679
3003.436018
3003.436354
3003.436690
3003.437024
3003.437356
3003.437687
3003.438017
3003.438345
3003.438671
3003.438997
3003.439321
3003.439643
3003.439964
3003.440284
3003.440603
3003.440919
3003.441235
3003.441550
3003.441862
3003.442174
3003.442484
3003.442793
3003.443101
3003.443407
3003.443712
3003.444016
3003.444318
3003.444619
3003.444919
3003.445218
3003.445515
3003.445811
3003.446106
3003.446399
3003.446692
3003.446983
3003.447272
3003.447561
3003.447848
