94.19145182
94.19145182
94.19145182
94.19145182
94.19145182
94.19145182
94.19145182
94.19145182
94.19145182
94.19145182
94.19145182
94.19145182
94.19145182
94.19145182
94.19145182
94.19145182
94.19145182
94.19145182
94.19145182
94.19145182
94.19145182
94.19145182
94.19145182
94.19145182
94.19145182
94.19145182
94.19145182
94.19145182
94.19145182
94.19145182
94.19145182
94.19145182
94.19145182
94.19145182
94.19145182
94.19145182
94.19145182
94.19145182
94.19145182
94.19145182
94.19145182
94.19145182
94.19145182
94.19145182
94.19145182
94.19145182
94.19145182
94.19145182
94.19145182
94.19145182
94.19145182
94.19145182
94.19145182
94.19145182
94.19145182
94.19145182
94.19145182
94.19145182
94.19145182
94.19145182
94.19145182
94.19145182
94.19145182
94.19145182
94.19145182
94.19145182
94.19145182
94.19145182
94.19145182
94.19145182
94.19145182
94.19145182
94.19145182
94.19145182
94.19145182
94.19145182
94.19145182
94.19145182
94.19145182
94.19145182
94.19145182
94.19145182
94.19145182
94.19145182
94.19145182
94.19145182
94.19145182
94.19145182
94.19145182
94.19145182
94.19145182
94.19145182
94.19145182
94.19145182
94.19145182
94.19145182
94.19145182
94.19145182
94.19145182
94.19145182
94.19145182
94.19145182
94.19145182
94.19145182
94.19145182
94.19145182
94.19145182
94.19145182
94.19145182
94.19145182
94.19145182
94.19145182
94.19145182
94.19145182
94.19145182
94.19145182
94.19145182
94.19145182
94.19145182
94.19145182
94.19145182
94.19145182
94.19145182
94.19145182
94.19145182
94.19145182
94.19145182
94.19145182
94.19145182
94.19145182
94.19145182
94.19145182
94.19145182
94.19145182
94.19145182
94.19145182
94.19145182
94.19145182
94.19145182
94.19145182
94.19145182
94.19145182
94.19145182
94.19145182
94.19145182
94.19145182
94.19145182
94.19145182
94.19145182
94.19145182
94.19145182
94.19145182
94.19145182
94.19145182
94.19145182
94.19145182
94.19145182
94.19145182
94.19145182
94.19145182
94.19145182
94.19145182
94.19145182
94.19145182
94.19145182
94.19145182
94.19145182
94.19145182
94.19145182
94.19145182
94.19145182
94.19145182
94.19145182
94.19145182
94.19145182
94.19145182
94.19145182
94.19145182
94.19145182
94.19145182
94.19145182
94.19145182
94.19145182
94.19145182
94.19145182
94.19145182
94.19145182
94.19145182
94.19145182
94.19145182
94.19145182
94.19145182
94.19145182
94.19145182
94.19145182
94.19145182
94.19145182
94.19145182
94.19145182
94.19145182
94.19145182
94.19145182
94.19145182
94.19145182
94.19145182
94.19145182
94.19145182
94.19145182
94.19145182
94.19145182
94.19145182
94.19145182
94.19145182
94.19145182
94.19145182
94.19145182
94.19145182
94.19145182
94.19145182
94.19145182
94.19145182
94.19145182
94.19145182
94.19145182
94.19145182
94.19145182
94.19145182
94.19145182
94.19145182
94.19145182
94.19145182
94.19145182
94.19145182
94.19145182
94.19145182
94.19145182
94.19145182
94.19145182
94.19145182
94.19145182
94.19145182
94.19145182
94.19145182
94.19145182
94.19145182
94.19145182
94.19145182
94.19145182
94.19145182
94.19145182
94.19145182
94.19145182
94.19145182
94.19145182
94.19145182
94.19145182
94.19145182
94.19145182
94.19145182
94.19145182
94.19145182
94.19145182
94.19145182
94.19145182
94.19145182
94.19145182
94.19145182
94.19145182
94.19145182
94.19145182
94.19145182
94.19145182
94.19145182
94.19145182
94.19145182
94.19145182
94.19145182
94.19145182
94.19145182
94.19145182
94.19145182
94.19145182
94.19145182
94.19145182
94.19145182
94.19729068
94.21776601
94.25312959
94.30338137
94.36858421
94.44897406
94.54464522
94.65572342
94.78260191
94.92535915
95.08440406
95.25994093
95.45248875
95.66240910
95.89020515
96.13626984
96.40127934
96.68584678
96.99061669
97.31648532
97.66414422
98.03464680
98.42909351
98.84852174
99.29426770
99.76782475
100.2707018
100.8047850
101.3721807
101.9750104
102.6159146
103.2979423
104.0244880
104.7994330
105.6274604
106.5138497
107.4621803
108.4365193
109.4242331
110.4257601
111.4412393
112.4709517
113.5150678
114.5740725
115.6481519
116.7374918
117.8425769
118.9636556
120.1008978
121.2548503
122.4257455
123.6137999
124.8196070
126.0433987
127.2854223
128.5462863
129.8262692
131.1257747
132.4450651
133.7848422
135.1453676
136.5269970
137.9304156
139.3559784
140.8040243
142.2753162
143.7702235
145.2891314
146.8328640
148.4018211
149.9964494
151.6176184
153.2657739
154.9415489
156.6454193
158.3783779
160.1409465
161.9336301
163.7575136
165.6131792
167.5012081
169.4227610
171.3784644
173.3689910
175.3956078
177.4590012
179.5599187
181.6997334
183.8792373
186.0994873
188.3613040
190.6662576
193.0152592
195.4092806
197.8499958
200.3384821
202.8757988
205.4638161
208.1037134
210.7967143
213.5448835
216.3495475
219.2121081
222.1348532
225.1192858
228.1672951
231.2805315
234.4616388
237.7124286
241.0348317
244.4317542
247.9053318
251.4577399
255.0922978
258.8114442
262.6177333
266.5149065
270.5058228
274.5934384
278.7820477
283.0749670
287.4761337
291.9892044
296.6193821
301.3708413
306.2479664
311.2568034
316.4023332
321.6898470
327.1264554
332.7182109
338.4715269
344.3949116
350.4957725
356.7820455
363.2462079
369.7641561
376.3105765
382.8861152
389.4925579
396.1300136
402.7996692
409.5016040
416.2369271
423.0063417
429.8092362
436.6476656
443.5206849
450.4283459
457.3727338
464.3525820
471.3686428
478.4209205
485.5085260
492.6339290
499.7944988
506.9931328
514.2274459
521.4984897
528.8051425
536.1488833
543.5288582
550.9443142
558.3972904
565.8845474
573.4084599
580.9673315
588.5609229
596.1907752
603.8554250
611.5533522
619.2865940
627.0520588
634.8520963
642.6856250
650.5515770
658.4509444
666.3807602
674.3421917
682.3368288
690.3617950
698.4164523
706.5002864
714.6154850
722.7592540
730.9313971
739.1288960
747.3577601
755.6122404
763.8925406
772.1991293
780.5327640
788.8906810
797.2698058
805.6752588
814.1044773
822.5593603
831.0323125
839.5249781
848.0397960
856.5801879
865.1375967
873.7083394
882.3034595
890.9129676
899.5421168
908.1885226
916.8492418
925.5202314
934.2114559
942.9228279
951.6312752
960.3803727
969.1113455
977.9193776
986.6423919
993.5305027
1000.362752
1007.241393
1014.104081
1021.012178
1027.882559
1034.785463
1041.678305
1048.564678
1055.471351
1062.370070
1069.272807
1076.187673
1083.093757
1090.000365
1096.906583
1103.818902
1110.728464
1117.634688
1124.543176
1131.446611
1138.350141
1145.252532
1152.152686
1159.049603
1165.942351
1172.830062
1179.716304
1186.599849
1193.475477
1200.346506
1207.215723
1214.078152
1220.932943
1227.782717
1234.623066
1241.459792
1248.288477
1255.111305
1261.924192
1268.729282
1275.528397
1282.317651
1289.096187
1295.865793
1302.628057
1309.379382
1316.121323
1322.852912
1329.573203
1336.283556
1342.982986
1349.672716
1356.347454
1363.012717
1369.667425
1376.308573
1382.937237
1389.552518
1396.157247
1402.746714
1409.325486
1415.890749
1422.441573
1428.978774
1435.503065
1442.011863
1448.509084
1454.990544
1461.458448
1467.910323
1474.349745
1480.772779
1487.182821
1493.576071
1499.955782
1506.319610
1512.667956
397.6616448
393.8263443
389.9958949
386.1730233
382.3574318
378.5502461
374.7511994
370.9614349
367.1820668
363.4121394
359.6844670
356.0217926
352.4236276
348.8875404
345.4118751
341.9956311
338.6360465
335.3328320
332.0833823
328.8874908
325.7432195
322.6493350
319.6051090
316.6082803
313.6587922
310.7549626
307.8957546
305.0801281
302.3070707
299.5761090
296.8853428
294.2348041
291.6231603
289.0500058
286.5135998
284.0140439
281.5501202
279.1210738
276.7261792
274.3651438
272.0368507
269.7406472
267.4758632
265.2418899
263.0384899
260.8646943
258.7198901
256.6039145
254.5154523
252.4547277
250.4208279
248.4136331
246.4322595
244.4762274
242.5450873
240.6383735
238.7559778
236.8971214
235.0613986
233.2486995
231.4583054
229.6898087
227.9431448
226.2176397
224.5129156
222.8285940
221.1646706
219.5204539
217.8956420
216.2901983
214.7034923
213.1352366
211.5853777
210.0533622
208.5388857
207.0419410
205.5619733
204.0987087
202.6521547
201.2217711
199.8072990
198.4087606
197.0256306
195.6576961
194.3049475
192.9669213
191.6436386
190.3346043
189.0396356
187.7587376
186.4914613
185.2378429
183.9972292
182.7700945
181.5555817
180.3541494
179.1649714
177.9882865
176.8236913
175.6712521
174.5305808
173.4016965
172.2842265
171.1780330
170.0831348
168.9993938
167.9264369
166.8641259
165.8123066
164.7712328
163.7401700
162.7193718
161.7086837
160.7077945
159.7165654
158.7350457
157.7631121
156.8004687
155.8469763
154.9026841
153.9673115
153.0409076
152.1231917
151.2142127
150.3136898
149.4216719
148.5380665
147.6625768
146.7951417
145.9357783
145.0842370
144.2405820
143.4047205
142.5763712
141.7554726
140.9420731
140.1360798
139.3372426
138.5456411
137.7610097
136.9834435
136.2128182
135.4489461
134.6917184
133.9411990
133.1973102
132.4598489
131.7288473
131.0041178
130.2857084
129.5735415
128.8674292
128.1674040
127.4732779
126.7851303
126.1028520
125.4262866
124.7554662
124.0903443
123.4307173
122.7765231
122.1279507
121.4847024
120.8467000
120.2140070
119.5865769
118.9643316
118.3470988
117.7349576
117.1277199
116.5254490
115.9280984
115.3355899
114.7477981
114.1646293
113.5862725
113.0124610
112.4432579
111.8784751
111.3183173
110.7623919
110.2109824
109.6638216
109.1209731
108.5823898
108.0479149
107.5176274
106.9914647
106.4693957
105.9512792
105.4371469
104.9269992
104.4206633
103.9182024
103.4195854
102.9247654
102.4336167
101.9462813
101.4624448
100.9823591
100.5058672
100.0328749
99.56339825
99.09734300
98.63485103
98.17570229
97.71994419
97.26754549
96.81849067
96.37263830
95.93005155
95.49068339
95.05453403
94.62155646
94.19162494
93.76480262
93.34105821
92.92034467
92.50267790
92.08790068
91.67609188
91.26728315
90.86122279
90.45811559
90.05786726
89.66035202
89.26571169
88.87375751
88.48455260
88.09806560
87.71418646
87.33304125
86.95455138
86.57859105
86.20522334
85.83441689
85.46617182
85.10042528
84.73717737
84.37634950
84.01802049
83.66206450
83.30857609
82.95741367
82.60859309
82.26213019
81.91797784
81.57613612
81.23655789
80.89918028
80.56409783
80.23116892
79.90050387
79.57194529
79.24561924
78.92136834
78.59922416
78.27926551
77.96130351
77.64541696
77.33157444
77.01977603
76.70997456
76.40215434
76.09633120
75.79245796
75.49051893
75.19051417
74.89241227
74.59615027
74.30182274
74.00935100
73.71871934
73.42992784
73.14294504
72.85773951
72.57434279
72.29264470
72.01275553
71.73459659
71.45816793
71.18343809
70.91040713
70.63912234
70.36942626
70.10139771
69.83500521
69.57023306
69.30712856
69.04556575
68.78559192
68.52723860
68.27044285
68.01514169
67.76142967
67.50922807
67.25853693
67.00934053
66.76163891
66.51540060
66.27062564
66.02729831
65.78546590
65.54498667
65.30598667
65.06838717
64.83217246
64.59734256
64.36388175
64.13179007
63.90103602
63.67165116
63.44360399
63.21683154
62.99141260
62.76728418
62.54447782
62.32291478
62.10261082
61.88361325
61.66584331
61.44933254
61.23403370
61.01996257
60.80713492
60.59550352
60.38505262
60.17579802
59.96770822
59.76078324
59.55505461
59.35045933
59.14701319
58.94468468
58.74352110
58.54341217
58.34446821
58.14661045
57.94987042
57.75416937
57.55958609
57.36605757
57.17358383
56.98218065
56.79180078
56.60247573
56.41420553
56.22692718
56.04067218
55.85544058
55.67118510
55.48795303
55.30566561
55.12440163
54.94411384
54.76475498
54.58638809
54.40899743
54.23250423
54.05697152
53.88236781
53.70867736
53.53593168
53.36408353
53.19314866
53.02312710
52.85398733
52.68572937
52.51833748
52.35184318
52.18624648
52.02146861
51.85757260
51.69451119
51.53231592
51.37095526
51.21041348
51.05072211
50.89181811
50.73376454
50.57652987
50.42008262
50.26442278
50.10958189
49.95551267
49.80226242
49.64976809
49.49802972
49.34709456
49.19689962
49.04746064
48.89877763
48.75085061
48.60366383
48.45721728
48.31152675
48.16654495
48.02227190
47.87873912
47.73589934
47.59379985
47.45237761
47.31167991
47.17167524
47.03233209
46.89369774
46.75574068
46.61846092
46.48185845
46.34593330
46.21065394
46.07605190
45.94209566
45.80878524
45.67613640
45.54413338
45.41276043
45.28201756
45.15190477
45.02243782
44.89358521
44.76534693
44.63772300
44.51072917
44.38433393
44.25852153
44.13332350
44.00873983
43.88472325
43.76132105
43.63848594
43.51623371
43.39456434
43.27346209
43.15292695
43.03295894
42.91355805
42.79472429
42.67644191
42.55871091
42.44151552
42.32490305
42.20879468
42.09325347
41.97824790
41.86374644
41.74979639
41.63638199
41.52347172
41.41108134
41.29924238
41.18787605
41.07702961
40.96670309
40.85688072
40.74754673
40.63871691
40.53039125
40.42253822
40.31518937
40.20832892
40.10194113
39.99604174
39.89063078
39.78569247
39.68121107
39.57720233
39.47368202
39.37058710
39.26799637
39.16583103
39.06413837
38.96288687
38.86212382
38.76175464
38.66185816
38.56240284
38.46338869
38.36481572
38.26666816
38.16896178
38.07168081
37.97482527
37.87839515
37.78239045
37.68681119
37.59164159
37.49689742
37.40256293
37.30862235
37.21510720
37.12198598
37.02929019
36.93697257
36.84506462
36.75355061
36.66244628
36.57170436
36.48137212
36.39143382
36.30187369
36.21270750
36.12390372
36.03549388
35.94746222
35.85977722
35.77250192
35.68558904
35.59903859
35.51283480
35.42702496
35.34156178
35.25646104
35.17173849
35.08736261
35.00333340
34.91966663
34.83633077
34.75338887
34.67074637
34.58846630
34.50654868
34.42494622
34.34369044
34.26276558
34.18218741
34.10194016
34.02203960
33.94243845
33.86319975
33.78427621
33.70566785
33.62739041
33.54944391
33.47181259
33.39448067
33.31747969
33.24079389
33.16442326
33.08836782
33.01261179
32.93717094
32.86202950
32.78720325
32.71269219
32.63844902
32.56453680
32.49089247
32.41757910
32.34453363
32.27178758
32.19935673
32.12719378
32.05533026
31.98375040
31.91245422
31.84145747
31.77072862
31.70029921
31.63013771
31.56025988
31.49063421
31.42130797
31.35226540
31.28349075
31.21496825
31.14674519
31.07877429
31.01108706
30.94363623
30.87648484
30.80958561
30.74292277
30.67655938
30.61043238
30.54457331
30.47896639
30.41361164
30.34852481
30.28369014
30.21910764
30.15476153
30.09068336
30.02684158
29.96323621
29.89989877
29.83678196
29.77393309
29.71132062
29.64894456
29.58682067
29.52490166
29.46325058
29.40182014
29.34064188
29.27968426
29.21896305
29.15847826
29.09821411
29.03818637
28.97839504
28.91880860
28.85947434
28.80032919
28.74143623
28.68276392
28.62431226
28.56606548
28.50805513
28.45026543
28.39268061
28.33531645
28.27817295
28.22125010
28.16453214
28.10801908
28.05171091
27.99563916
27.93975654
27.88409458
27.82862174
27.77336957
27.71832230
27.66347992
27.60884243
27.55439408
27.50015063
27.44611207
27.39227842
27.33864966
27.28521004
27.23195955
27.17889820
27.12605751
27.07339020
27.02092778
26.96865451
26.91655461
26.86467537
26.81296951
26.76145279
26.71010945
26.65897100
26.60802170
26.55724578
26.50667476
26.45626135
26.40605285
26.35600196
26.30615598
26.25648338
26.20698416
26.15765831
26.10852161
26.05955829
26.01076835
25.96215179
25.91372438
25.86545458
25.81735816
25.76945089
25.72168548
25.67410921
25.62670632
25.57946105
25.53238916
25.48549066
25.43874978
25.39218228
25.34577240
25.29953591
25.25345704
25.20755155
25.16178792
25.11619767
25.07078082
25.02550581
24.98038844
24.93544444
24.89065807
24.84601356
24.80154244
24.75721318
24.71304154
24.66902752
24.62517113
24.58147236
24.53791545
24.49451617
24.45125875
24.40815895
24.36521678
24.32241648
24.27975803
24.23725721
24.19489825
24.15269692
24.11062168
24.06871984
24.02694409
23.98531021
23.94381820
23.90248381
23.86129128
23.82022485
23.77931605
23.73853336
23.69789252
23.65739355
23.61703645
23.57682121
23.53673207
23.49678480
23.45697939
23.41731585
23.37777841
23.33836707
23.29909760
23.25996999
23.22096849
23.18209309
23.14335956
23.10475212
23.06627080
23.02793133
22.98970221
22.95163072
22.91366957
22.87583452
22.83814134
22.80055850
22.76311753
22.72578690
22.68858237
22.65151971
22.61456739
22.57774118
22.54105684
22.50446707
22.46801917
22.43168161
22.39547016
22.35938481
22.32340981
22.28756091
22.25182235
22.21622566
22.18072355
22.14534754
22.11008188
22.07494233
22.03991311
22.00501001
21.97021724
21.93555059
21.90097851
21.86653254
21.83219691
21.79797162
21.76387244
21.72988361
21.69598935
21.66222120
21.62856340
21.59500017
21.56157882
21.52823628
21.49501985
21.46189800
21.42890226
21.39600110
21.36321029
21.33052981
21.29795968
21.26549990
21.23313470
21.20087984
21.16871956
21.13666963
21.10473004
21.07290080
21.04116614
21.00954182
20.97799632
20.94657693
20.91525212
20.88403766
20.85290202
20.82189248
20.79096176
20.76014139
20.72943136
20.69880015
20.66827929
20.63785301
20.60752131
20.57729996
20.54717318
20.51714100
20.48718762
20.45736037
20.42761192
20.39795806
20.36839879
20.33893409
20.30956398
20.28028845
20.25112327
20.22203691
20.19304513
20.16414793
20.13532955
20.10662152
20.07799231
20.04945768
20.02101763
19.99267217
19.96440552
19.93624923
19.90815599
19.88017309
19.85225326
19.82444377
19.79672886
19.76909277
19.74153550
19.71407282
19.68668895
19.65939967
19.63218921
19.60508910
19.57805204
19.55110957
19.52424592
19.49746108
19.47077084
19.44415941
19.41764256
19.39120454
19.36484533
19.33856495
19.31237915
19.28627217
19.26024401
19.23429467
19.20842416
19.18264822
19.15695111
19.13131705
19.10577758
19.08031693
19.05493510
19.02964785
19.00442367
18.97927830
18.95421175
18.92922402
18.90431512
18.87946927
18.85471800
18.83004556
18.80545194
18.78092137
18.75648539
18.73211247
18.70781837
18.68360309
18.65945086
18.63539322
18.61139864
18.58746712
18.56363018
18.53985630
18.51616124
18.49254500
18.46899182
18.44551746
18.42210615
18.39877367
18.37552001
18.35232941
18.32921763
18.30616891
18.28319900
18.26029216
18.23746414
18.21469917
18.19201303
18.16938994
18.14684568
18.12436447
18.10196209
18.07960699
18.05734649
18.03513328
18.01299889
17.99092756
17.96893505
17.94700559
17.92513920
17.90333586
17.88161135
17.85994989
17.83835149
17.81681615
17.79535963
17.77395041
17.75262000
17.73136843
17.71016414
17.68902291
17.66796050
17.64694539
17.62600910
17.60513587
17.58430993
17.56356281
17.54287876
17.52225776
17.50169981
17.48120493
17.46077311
