0.08907607943
0.08907607943
0.08907607943
0.08907607943
0.08907607943
0.08907607943
0.08907607943
0.08907607943
0.08907607943
0.08907607943
0.08907607943
0.08907607943
0.08907607943
0.08907607943
0.08907607943
0.08907607943
0.08907607943
0.08907607943
0.08907607943
0.08907607943
0.08907607943
0.08907607943
0.08907607943
0.08907607943
0.08907607943
0.08907607943
0.08907607943
0.08907607943
0.08907607943
0.08907607943
0.08907607943
0.08907607943
0.08907607943
0.08907607943
0.08907607943
0.08907607943
0.08907607943
0.08907607943
0.08907607943
0.08907607943
0.08907607943
0.08907607943
0.08907607943
0.08907607943
0.08907607943
0.08907607943
0.08907607943
0.08907607943
0.08907607943
0.08907607943
0.08907607943
0.08907607943
0.08907607943
0.08907607943
0.08907607943
0.08907607943
0.08907607943
0.08907607943
0.08907607943
0.08907607943
0.08907607943
0.08907607943
0.08907607943
0.08907607943
0.08907607943
0.08907607943
0.08907607943
0.08907607943
0.08907607943
0.08907607943
0.08907607943
0.08907607943
0.08907607943
0.08907607943
0.08907607943
0.08907607943
0.08907607943
0.08907607943
0.08907607943
0.08907607943
0.08907607943
0.08907607943
0.08907607943
0.08907607943
0.08907607943
0.08907607943
0.08907607943
0.08907607943
0.08907607943
0.08907607943
0.08907607943
0.08907607943
0.08907607943
0.08907607943
0.08907607943
0.08907607943
0.08907607943
0.08907607943
0.08907607943
0.08907607943
0.08907607943
0.08907607943
0.08907607943
0.08907607943
0.08907607943
0.08907607943
0.08907607943
0.08907607943
0.08907607943
0.08907607943
0.08907607943
0.08907607943
0.08907607943
0.08907607943
0.08907607943
0.08907607943
0.08907607943
0.08907607943
0.08907607943
0.08907607943
0.08907607943
0.08907607943
0.08907607943
0.08907607943
0.08907607943
0.08907607943
0.08907607943
0.08907607943
0.08907607943
0.08907607943
0.08907607943
0.08907607943
0.08907607943
0.08907607943
0.08907607943
0.08907607943
0.08907607943
0.08907607943
0.08907607943
0.08907607943
0.08907607943
0.08907607943
0.08907607943
0.08907607943
0.08907607943
0.08907607943
0.08907607943
0.08907607943
0.08907607943
0.08907607943
0.08907607943
0.08907607943
0.08907607943
0.08907607943
0.08907607943
0.08907607943
0.08907607943
0.08907607943
0.08907607943
0.08907607943
0.08907607943
0.08907607943
0.08907607943
0.08907607943
0.08907607943
0.08907607943
0.08907607943
0.08907607943
0.08907607943
0.08907607943
0.08907607943
0.08907607943
0.08907607943
0.08907607943
0.08907607943
0.08907607943
0.08907607943
0.08907607943
0.08907607943
0.08907607943
0.08907607943
0.08907607943
0.08907607943
0.08907607943
0.08907607943
0.08907607943
0.08907607943
0.08907607943
0.08907607943
0.08907607943
0.08907607943
0.08907607943
0.08907607943
0.08907607943
0.08907607943
0.08907607943
0.08907607943
0.08907607943
0.08907607943
0.08907607943
0.08907607943
0.08907607943
0.08907607943
0.08907607943
0.08907607943
0.08907607943
0.08907607943
0.08907607943
0.08907607943
0.08907607943
0.08907607943
0.08907607943
0.08907607943
0.08907607943
0.08907607943
0.08907607943
0.08907607943
0.08907607943
0.08907607943
0.08907607943
0.08907607943
0.08907607943
0.08907607943
0.08907607943
0.08907607943
0.08907607943
0.08907607943
0.08907607943
0.08907607943
0.08907607943
0.08907607943
0.08907607943
0.08907607943
0.08907607943
0.08907607943
0.08907607943
0.08907607943
0.08907607943
0.08907607943
0.08907607943
0.08907607943
0.08907607943
0.08907607943
0.08907607943
0.08907607943
0.08907607943
0.08907607943
0.08907607943
0.08907607943
0.08907607943
0.08907607943
0.08907607943
0.08907607943
0.08907607943
0.08907607943
0.08907607943
0.08907607943
0.08907607943
0.08907607943
0.08907607943
0.08907607943
0.08907607943
0.08907607943
0.08907607943
0.08907607943
0.08907607943
0.08907607943
0.08907607943
0.08907607943
0.08907607943
0.08907607943
0.08907607943
0.08907607943
0.08907607943
0.08907607943
0.08907607943
0.08907607943
0.08907607943
0.08907607943
0.08907607943
0.08907607943
0.08907607943
0.08907607943
0.08907607943
0.08907607943
0.08908160776
0.08910099417
0.08913447708
0.08918205649
0.08924379200
0.08931990713
0.08941049129
0.08951566368
0.08963579684
0.08977096528
0.08992155641
0.09008776397
0.09027007967
0.09046884626
0.09068454057
0.09091753513
0.09116847068
0.09143792838
0.09172651917
0.09203509241
0.09236430377
0.09271515161
0.09308867902
0.09348586947
0.09390798956
0.09435645491
0.09483269602
0.09533850104
0.09587586671
0.09644680470
0.09705381840
0.09769979864
0.09838796407
0.09912199527
0.09990633279
0.1007459834
0.1016443446
0.1025673822
0.1035031304
0.1044520065
0.1054141447
0.1063898131
0.1073791757
0.1083826944
0.1094005480
0.1104329154
0.1114802584
0.1125428155
0.1136207506
0.1147145852
0.1158245429
0.1169508323
0.1180940196
0.1192543283
0.1204319969
0.1216276065
0.1228414252
0.1240738407
0.1253251061
0.1265958920
0.1278864518
0.1291971281
0.1305285767
0.1318811402
0.1332551464
0.1346513256
0.1360700354
0.1375116482
0.1389769539
0.1404663399
0.1419802383
0.1435194835
0.1450845078
0.1466759220
0.1482941881
0.1499402598
0.1516146436
0.1533178315
0.1550508663
0.1568143144
0.1586087421
0.1604352668
0.1622944996
0.1641870961
0.1661142781
0.1680767164
0.1700751409
0.1721108779
0.1741847023
0.1762976423
0.1784505025
0.1806448027
0.1828814372
0.1851613596
0.1874861941
0.1898569986
0.1922748163
0.1947414652
0.1972581074
0.1998259500
0.2024470046
0.2051225826
0.2078540698
0.2106437013
0.2134929672
0.2164037302
0.2193776295
0.2224172577
0.2255244181
0.2287010327
0.2319499627
0.2352733389
0.2386733368
0.2421532348
0.2457154766
0.2493626252
0.2530983910
0.2569256499
0.2608473822
0.2648678645
0.2689904496
0.2732191011
0.2775575295
0.2820109501
0.2865836099
0.2912799791
0.2961061522
0.3010672256
0.3061686233
0.3114175573
0.3168202564
0.3223833367
0.3281154856
0.3340243772
0.3401182517
0.3463904038
0.3527208492
0.3590852395
0.3654844090
0.3719203100
0.3783932701
0.3849046752
0.3914548382
0.3980450854
0.4046763554
0.4113483056
0.4180632159
0.4248204306
0.4316202775
0.4384650961
0.4453539327
0.4522878304
0.4592671022
0.4662911817
0.4733628407
0.4804797992
0.4876452759
0.4948572442
0.5021171048
0.5094240978
0.5167800710
0.5241845474
0.5316371545
0.5391403362
0.5466912314
0.5542926416
0.5619432703
0.5696432963
0.5773947164
0.5851964876
0.5930475071
0.6009503081
0.6089021936
0.6169060394
0.6249612197
0.6330671236
0.6412252709
0.6494330987
0.6576923206
0.6660051122
0.6743690148
0.6827838942
0.6912497506
0.6997694299
0.7083405629
0.7169635072
0.7256356403
0.7343639061
0.7431428060
0.7519731447
0.7608560249
0.7697928771
0.7787813619
0.7878187820
0.7969112918
0.8060567752
0.8152579591
0.8245072290
0.8338070139
0.8431606516
0.8525726125
0.8620341644
0.8715418801
0.8811087087
0.8907242492
0.9003950730
0.9101192430
0.9198941663
0.9297159687
0.9395966753
0.9495370016
0.9595113024
0.9695703164
0.9796472117
0.9898528531
1.000000009
1.008041242
1.016042484
1.024123743
1.032212257
1.040380842
1.048531572
1.056748075
1.064980132
1.073232273
1.081537004
1.089860775
1.098218361
1.106620044
1.115040802
1.123492296
1.131973784
1.140493652
1.149041391
1.157616627
1.166226705
1.174862884
1.183531975
1.192232829
1.200964455
1.209725968
1.218516554
1.227335470
1.236187671
1.245071988
1.253982052
1.262922516
1.271897414
1.280900643
1.289931440
1.298993629
1.308081741
1.317203863
1.326354492
1.335536937
1.344746066
1.353985135
1.363257011
1.372556774
1.381883594
1.391240282
1.400629424
1.410046400
1.419493741
1.428970456
1.438475571
1.448011370
1.457576826
1.467174062
1.476795824
1.486450410
1.496136653
1.505850535
1.515593969
1.525365980
1.535171116
1.545002742
1.554868024
1.564763123
1.574686976
1.584641158
1.594627121
1.604641255
1.614689947
1.624767093
1.634876461
1.645014531
1.655187284
1.665388862
1.675625016
1.685890032
1.696189481
1.706519951
1.716882430
0.3798879310
0.3761459067
0.3724109307
0.3686856255
0.3649696633
0.3612641022
0.3575686440
0.3538843617
0.3502122983
0.3465514854
0.3429337218
0.3393809721
0.3358926401
0.3324662521
0.3291000947
0.3257930949
0.3225424811
0.3193478808
0.3162066862
0.3131186143
0.3100817129
0.3070947155
0.3041568473
0.3012658581
0.2984216288
0.2956224754
0.2928673401
0.2901551649
0.2874849215
0.2848561034
0.2822668329
0.2797170952
0.2772055641
0.2747318074
0.2722941115
0.2698925361
0.2675258741
0.2651933655
0.2628942803
0.2606283054
0.2583943382
0.2561917230
0.2540197894
0.2518779263
0.2497658804
0.2476826981
0.2456277683
0.2436009124
0.2416008487
0.2396277711
0.2376807854
0.2357597575
0.2338638231
0.2319925055
0.2301453575
0.2283219174
0.2265220657
0.2247450426
0.2229904458
0.2212581560
0.2195474729
0.2178579941
0.2161896452
0.2145417705
0.2129139975
0.2113059536
0.2097176239
0.2081483379
0.2065977976
0.2050659582
0.2035522088
0.2020562664
0.2005780712
0.1991170868
0.1976730153
0.1962458417
0.1948350295
0.1934403107
0.1920616850
0.1906986311
0.1893508956
0.1880184934
0.1867009178
0.1853979602
0.1841096058
0.1828354076
0.1815753803
0.1803290471
0.1790962294
0.1778769270
0.1766707078
0.1754776016
0.1742969826
0.1731292978
0.1719737276
0.1708307043
0.1696994379
0.1685801521
0.1674724594
0.1663764194
0.1652916595
0.1642181948
0.1631556675
0.1621039435
0.1610630378
0.1600328162
0.1590129212
0.1580032185
0.1570035592
0.1560141817
0.1550343856
0.1540644094
0.1531041041
0.1521531716
0.1512114778
0.1502790675
0.1493558213
0.1484414563
0.1475358382
0.1466390118
0.1457507089
0.1448709741
0.1439995393
0.1431364492
0.1422814354
0.1414345428
0.1405956820
0.1397645697
0.1389411464
0.1381254271
0.1373171732
0.1365164444
0.1357231513
0.1349370256
0.1341580078
0.1333861426
0.1326213405
0.1318633631
0.1311122850
0.1303678527
0.1296301559
0.1288990751
0.1281744316
0.1274561211
0.1267442033
0.1260386035
0.1253391281
0.1246458068
0.1239584610
0.1232771352
0.1226017550
0.1219321415
0.1212683246
0.1206101254
0.1199576184
0.1193106994
0.1186692193
0.1180332080
0.1174026206
0.1167772636
0.1161570773
0.1155422404
0.1149324700
0.1143276915
0.1137279645
0.1131332442
0.1125434563
0.1119584367
0.1113782600
0.1108027473
0.1102319583
0.1096658483
0.1091043428
0.1085473225
0.1079946980
0.1074466482
0.1069029197
0.1063635722
0.1058284268
0.1052976772
0.1047709510
0.1042485163
0.1037301198
0.1032158211
0.1027055755
0.1021992341
0.1016968712
0.1011984274
0.1007038727
0.1002130732
0.09972605854
0.09924282879
0.09876322001
0.09828729182
0.09781501442
0.09734634310
0.09688115865
0.09641959518
0.09596135467
0.09550667554
0.09505540878
0.09460746497
0.09416285902
0.09372150153
0.09328352660
0.09284872562
0.09241714329
0.09198874980
0.09156353027
0.09114135057
0.09072227031
0.09030624479
0.08989327401
0.08948331326
0.08907624334
0.08867212385
0.08827092499
0.08787260205
0.08747716993
0.08708447963
0.08669460565
0.08630757779
0.08592315763
0.08554153889
0.08516263217
0.08478631824
0.08441273123
0.08404169232
0.08367326111
0.08330740780
0.08294402808
0.08258324116
0.08222497255
0.08186910301
0.08151569217
0.08116471022
0.08081615716
0.08046997339
0.08012615889
0.07978463918
0.07944548875
0.07910858840
0.07877402753
0.07844167203
0.07811153680
0.07778363675
0.07745792717
0.07713440806
0.07681303471
0.07649374753
0.07617663592
0.07586156577
0.07554864138
0.07523771375
0.07492890209
0.07462205738
0.07431720942
0.07401443273
0.07371354848
0.07341463119
0.07311765105
0.07282260805
0.07252945751
0.07223818451
0.07194880396
0.07166127115
0.07137557119
0.07109170407
0.07080963999
0.07052931935
0.07025083154
0.06997410208
0.06969911605
0.06942587346
0.06915434450
0.06888449937
0.06861636788
0.06834984571
0.06808503717
0.06782186776
0.06756033748
0.06730041653
0.06704210490
0.06678544730
0.06653029472
0.06627672166
0.06602469832
0.06577420980
0.06552530080
0.06527785212
0.06503190845
0.06478749961
0.06454456598
0.06430304796
0.06406303495
0.06382445246
0.06358730048
0.06335156411
0.06311724335
0.06288430840
0.06265275925
0.06242258102
0.06219381839
0.06196633726
0.06174025685
0.06151550263
0.06129205972
0.06106992811
0.06084909290
0.06062955409
0.06041128188
0.06019430608
0.05997859687
0.05976409465
0.05955087394
0.05933887511
0.05912812799
0.05891855806
0.05871018022
0.05850303918
0.05829706043
0.05809227377
0.05788863450
0.05768615752
0.05748485774
0.05728469044
0.05708564073
0.05688772351
0.05669090897
0.05649519712
0.05630061775
0.05610711128
0.05591469258
0.05572333187
0.05553307384
0.05534381419
0.05515565723
0.05496852845
0.05478245765
0.05459737033
0.05441334099
0.05423031002
0.05404827744
0.05386725813
0.05368720740
0.05350815505
0.05333010107
0.05315298587
0.05297683924
0.05280166119
0.05262740701
0.05245412141
0.05228172988
0.05211030692
0.05193980783
0.05177018791
0.05160150677
0.05143374950
0.05126684159
0.05110084265
0.05093572289
0.05077146739
0.05060810596
0.05044559389
0.05028394610
0.05012316257
0.04996321350
0.04980409890
0.04964580387
0.04948835820
0.04933176190
0.04917594045
0.04902095348
0.04886675626
0.04871337861
0.04856079072
0.04840897769
0.04825796932
0.04810770601
0.04795824736
0.04780956358
0.04766162485
0.04751443118
0.04736801237
0.04722232372
0.04707740992
0.04693321139
0.04678972811
0.04664700478
0.04650498182
0.04636367410
0.04622308165
0.04608320445
0.04594402760
0.04580555111
0.04566778988
0.04553069919
0.04539427906
0.04525855929
0.04512349516
0.04498913139
0.04485540837
0.04472237080
0.04458998889
0.04445823282
0.04432714731
0.04419670254
0.04406689852
0.04393773526
0.04380921274
0.04368130118
0.04355403036
0.04342737049
0.04330132157
0.04317589849
0.04305108637
0.04292687029
0.04280325025
0.04268022627
0.04255781323
0.04243598133
0.04231473058
0.04219406098
0.04207398742
0.04195448011
0.04183552414
0.04171714932
0.04159935564
0.04148209840
0.04136542231
0.04124928266
0.04113369435
0.04101865739
0.04090415686
0.04079019278
0.04067676514
0.04056387395
0.04045151919
0.04033968598
0.04022837430
0.04011756927
0.04000731558
0.03989753872
0.03978829831
0.03967956454
0.03957130760
0.03946357220
0.03935634345
0.03924959153
0.03914333135
0.03903759271
0.03893230110
0.03882750124
0.03872319311
0.03861936182
0.03851599246
0.03841309994
0.03831068426
0.03820871562
0.03810722381
0.03800619394
0.03790561110
0.03780549020
0.03770583123
0.03760661930
0.03750783950
0.03740950674
0.03731163591
0.03721416742
0.03711717576
0.03702058643
0.03692444414
0.03682871908
0.03673345596
0.03663856536
0.03654412180
0.03645009547
0.03635648638
0.03626329452
0.03617050499
0.03607813269
0.03598616272
0.03589459509
0.03580342978
0.03571266681
0.03562230617
0.03553233296
0.03544276208
0.03535357863
0.03526476771
0.03517635912
0.03508832306
0.03500068933
0.03491341323
0.03482652456
0.03474000841
0.03465387970
0.03456809372
0.03448269516
0.03439766914
0.03431300074
0.03422870487
0.03414475173
0.03406117111
0.03397794813
0.03389505297
0.03381254524
0.03373038024
0.03364855796
0.03356706351
0.03348594159
0.03340514749
0.03332469612
0.03324460238
0.03316483647
0.03308539838
0.03300630301
0.03292752057
0.03284911066
0.03277098387
0.03269319981
0.03261575848
0.03253861517
0.03246179968
0.03238529712
0.03230912238
0.03223326057
0.03215772659
0.03208247572
0.03200756758
0.03193295747
0.03185864538
0.03178464621
0.03171095997
0.03163757175
0.03156446666
0.03149167448
0.03141918033
0.03134698421
0.03127508610
0.03120347112
0.03113215417
0.03106112033
0.03099038452
0.03091994673
0.03084976226
0.03077989072
0.03071027249
0.03064096719
0.03057191521
0.03050314635
0.03043467551
0.03036645800
0.03029852360
0.03023085743
0.03016345948
0.03009634465
0.03002948314
0.02996290475
0.02989657968
0.02983052284
0.02976470441
0.02969916910
0.02963390201
0.02956888825
0.02950411290
0.02943962067
0.02937536687
0.02931138128
0.02924761921
0.02918414026
0.02912089974
0.02905788273
0.02899514884
0.02893263847
0.02887038141
0.02880836278
0.02874658257
0.02868505567
0.02862376720
0.02856271714
0.02850189060
0.02844131738
0.02838096768
0.02832084149
0.02826096863
0.02820130438
0.02814189345
0.02808270603
0.02802374214
0.02796501666
0.02790648490
0.02784820646
0.02779013664
0.02773230523
0.02767468244
0.02761728317
0.02756010741
0.02750314027
0.02744639665
0.02738987654
0.02733355016
0.02727746218
0.02722155303
0.02716588229
0.02711042017
0.02705516666
0.02700010687
0.02694527060
0.02689064294
0.02683620900
0.02678198367
0.02672796696
0.02667415887
0.02662054449
0.02656712383
0.02651389688
0.02646089345
0.02640806884
0.02635545284
0.02630301565
0.02625078708
0.02619875222
0.02614691108
0.02609526366
0.02604379505
0.02599252015
0.02594143897
0.02589055151
0.02583985776
0.02578934282
0.02573900670
0.02568884939
0.02563890070
0.02558911592
0.02553952485
0.02549011260
0.02544086426
0.02539182454
0.02534294873
0.02529425174
0.02524571866
0.02519737929
0.02514921874
0.02510122210
0.02505341917
0.02500576526
0.02495830506
0.02491099387
0.02486387640
0.02481692284
0.02477013320
0.02472350746
0.02467706054
0.02463077754
0.02458465844
0.02453870326
0.02449292690
0.02444729954
0.02440183610
0.02435655147
0.02431140095
0.02426642925
0.02422162145
0.02417696267
0.02413246781
0.02408813685
0.02404395491
0.02399993688
0.02395606786
0.02391236275
0.02386880666
0.02382541448
0.02378215641
0.02373906225
0.02369613200
0.02365333587
0.02361068875
0.02356820554
0.02352587134
0.02348367125
0.02344163507
0.02339973301
0.02335797995
0.02331637591
0.02327492088
0.02323361486
0.02319244295
0.02315142006
0.02311053127
0.02306979150
0.02302920073
0.02298874408
0.02294842154
0.02290824801
0.02286820859
0.02282831818
0.02278854698
0.02274893969
0.02270945162
0.02267009765
0.02263087779
0.02259180695
0.02255287021
0.02251405269
0.02247538418
0.02243683487
0.02239841968
0.02236013860
0.02232199162
0.02228397876
0.02224608511
0.02220832556
0.02217070013
0.02213320881
0.02209583670
0.02205858380
0.02202146500
0.02198448032
0.02194761485
0.02191086859
0.02187425643
0.02183776349
0.02180138975
0.02176515013
0.02172901481
0.02169302851
0.02165714651
0.02162138373
0.02158575505
0.02155023068
0.02151484042
0.02147955447
0.02144438773
0.02140935510
0.02137442678
0.02133961767
0.02130494267
0.02127035707
0.02123590559
0.02120155841
0.02116733044
0.02113322169
0.02109921724
0.02106533200
0.02103155106
0.02099790424
0.02096434683
0.02093090862
0.02089757472
0.02086436003
0.02083124965
0.02079825848
0.02076537162
0.02073260397
0.02069992572
0.02066736668
0.02063491195
0.02060256153
0.02057033032
0.02053820342
0.02050616592
0.02047424763
0.02044243366
0.02041070908
0.02037911862
0.02034760267
0.02031620592
0.02028489858
0.02025371045
0.02022261173
0.02019161731
0.02016072720
0.02012994140
0.02009925991
0.02006866783
0.02003818005
0.02000778168
0.01997748762
0.01994729787
0.01991721243
0.01988721639
0.01985732466
0.01982750744
0.01979780942
0.01976820081
0.01973869652
0.01970926672
0.01967995614
0.01965072006
0.01962158829
0.01959256083
0.01956360787
0.01953475922
0.01950599998
0.01947733015
0.01944876462
0.01942028850
0.01939190179
0.01936358958
0.01933539659
0.01930727810
0.01927924901
0.01925130934
0.01922345906
0.01919569820
0.01916802675
0.01914045960
0.01911296695
0.01908556372
0.01905824989
0.01903101057
0.01900387555
0.01897681504
0.01894984394
0.01892296225
0.01889616996
0.01886945218
0.01884283870
0.01881628484
0.01878983527
0.01876344532
0.01873715967
0.01871096343
0.01868484169
0.01865879446
0.01863283664
0.01860695332
0.01858115941
0.01855544001
0.01852982491
0.01850426942
0.01847880334
0.01845341176
0.01842809469
0.01840286702
0.01837771386
0.01835265011
0.01832766086
0.01830274612
0.01827790588
0.01825315505
0.01822847873
0.01820387691
0.01817934960
0.01815489680
0.01813053340
0.01810624450
0.01808201522
0.01805787534
0.01803380996
0.01800981909
0.01798591763
0.01796207577
0.01793830842
0.01791461557
0.01789099723
0.01786745340
0.01784396917
0.01782057434
0.01779725403
0.01777400821
0.01775082201
0.01772772521
0.01770468801
0.01768172532
0.01765883714
0.01763600856
0.01761326939
0.01759058982
0.01756796986
0.01754543930
0.01752296835
0.01750057191
0.01747824997
0.01745598763
0.01743379980
0.01741167158
0.01738961786
0.01736763865
0.01734571904
0.01732387394
0.01730208844
0.01728037745
0.01725872606
0.01723714918
0.01721563190
0.01719418913
0.01717280596
0.01715149730
0.01713024825
0.01710907370
0.01708794385
0.01706690341
0.01704590768
0.01702498645
0.01700412482
0.01698333770
0.01696261019
0.01694194227
0.01692133397
0.01690080017
0.01688032597
0.01685991138
0.01683955640
0.01681927592
0.01679904014
0.01677887887
0.01675879210
0.01673875004
0.01671876758
0.01669885963
0.01667899638
0.01665920764
0.01663947850
0.01661979407
0.01660018414
0.01658063382
0.01656114310
0.01654171199
0.01652234048
0.01650302857
