4.150598973
4.150598973
4.150598973
4.150598973
4.150598973
4.150598973
4.150598973
4.150598973
4.150598973
4.150598973
4.150598973
4.150598973
4.150598973
4.150598973
4.150598973
4.150598973
4.150598973
4.150598973
4.150598973
4.150598973
4.150598973
4.150598973
4.150598973
4.150598973
4.150598973
4.150598973
4.150598973
4.150598973
4.150598973
4.150598973
4.150598973
4.150598973
4.150598973
4.150598973
4.150598973
4.150598973
4.150598973
4.150598973
4.150598973
4.150598973
4.150598973
4.150598973
4.150598973
4.150598973
4.150598973
4.150598973
4.150598973
4.150598973
4.150598973
4.150598973
4.150598973
4.150598973
4.150598973
4.150598973
4.150598973
4.150598973
4.150598973
4.150598973
4.150598973
4.150598973
4.150598973
4.150598973
4.150598973
4.150598973
4.150598973
4.150598973
4.150598973
4.150598973
4.150598973
4.150598973
4.150598973
4.150598973
4.150598973
4.150598973
4.150598973
4.150598973
4.150598973
4.150598973
4.150598973
4.150598973
4.150598973
4.150598973
4.150598973
4.150598973
4.150598973
4.150598973
4.150598973
4.150598973
4.150598973
4.150598973
4.150598973
4.150598973
4.150598973
4.150598973
4.150598973
4.150598973
4.150598973
4.150598973
4.150598973
4.150598973
4.150598973
4.150598973
4.150598973
4.150598973
4.150598973
4.150598973
4.150598973
4.150598973
4.150598973
4.150598973
4.150598973
4.150598973
4.150598973
4.150598973
4.150598973
4.150598973
4.150598973
4.150598973
4.150598973
4.150598973
4.150598973
4.150598973
4.150598973
4.150598973
4.150598973
4.150598973
4.150598973
4.150598973
4.150598973
4.150598973
4.150598973
4.150598973
4.150598973
4.150598973
4.150598973
4.150598973
4.150598973
4.150598973
4.150598973
4.150598973
4.150598973
4.150598973
4.150598973
4.150598973
4.150598973
4.150598973
4.150598973
4.150598973
4.150598973
4.150598973
4.150598973
4.150598973
4.150598973
4.150598973
4.150598973
4.150598973
4.150598973
4.150598973
4.150598973
4.150598973
4.150598973
4.150598973
4.150598973
4.150598973
4.150598973
4.150598973
4.150598973
4.150598973
4.150598973
4.150598973
4.150598973
4.150598973
4.150598973
4.150598973
4.150598973
4.150598973
4.150598973
4.150598973
4.150598973
4.150598973
4.150598973
4.150598973
4.150598973
4.150598973
4.150598973
4.150598973
4.150598973
4.150598973
4.150598973
4.150598973
4.150598973
4.150598973
4.150598973
4.150598973
4.150598973
4.150598973
4.150598973
4.150598973
4.150598973
4.150598973
4.150598973
4.150598973
4.150598973
4.150598973
4.150598973
4.150598973
4.150598973
4.150598973
4.150598973
4.150598973
4.150598973
4.150598973
4.150598973
4.150598973
4.150598973
4.150598973
4.150598973
4.150598973
4.150598973
4.150598973
4.150598973
4.150598973
4.150598973
4.150598973
4.150598973
4.150598973
4.150598973
4.150598973
4.150598973
4.150598973
4.150598973
4.150598973
4.150598973
4.150598973
4.150598973
4.150598973
4.150598973
4.150598973
4.150598973
4.150598973
4.150598973
4.150598973
4.150598973
4.150598973
4.150598973
4.150598973
4.150598973
4.150598973
4.150598973
4.150598973
4.150598973
4.150598973
4.150598973
4.150598973
4.150598973
4.150598973
4.150598973
4.150598973
4.150598973
4.150598973
4.150598973
4.150598973
4.150598973
4.150598973
4.150598973
4.150598973
4.150598973
4.150598973
4.150598973
4.150598973
4.150598973
4.150598973
4.150598973
4.150598973
4.150598973
4.150598973
4.150598973
4.150598973
4.150598973
4.150598973
4.150598973
4.150598973
4.150598973
4.150598973
4.150598973
4.150596931
4.150589771
4.150577400
4.150559814
4.150536982
4.150508810
4.150475252
4.150436247
4.150391638
4.150341375
4.150285289
4.150223279
4.150155128
4.150080673
4.149999694
4.149912006
4.149817316
4.149715349
4.149605812
4.149488313
4.149362526
4.149227982
4.149084186
4.148930654
4.148766778
4.148591873
4.148405235
4.148205993
4.147993172
4.147765760
4.147522516
4.147262001
4.146982595
4.146682434
4.146359267
4.146010523
4.145634205
4.145244118
4.144845109
4.144436853
4.144019141
4.143591700
4.143154299
4.142706564
4.142248245
4.141779083
4.141298683
4.140806746
4.140303001
4.139786998
4.139258423
4.138716959
4.138162109
4.137593530
4.137010865
4.136413577
4.135801273
4.135173489
4.134529821
4.133869635
4.133192503
4.132497936
4.131785268
4.131053983
4.130303560
4.129533245
4.128742469
4.127930642
4.127096921
4.126240671
4.125361216
4.124457623
4.123529177
4.122575032
4.121594413
4.120586223
4.119549609
4.118483705
4.117387274
4.116259348
4.115098932
4.113904645
4.112675398
4.111410045
4.110107023
4.108765099
4.107382967
4.105958866
4.104491369
4.102978830
4.101419715
4.099811924
4.098153751
4.096443399
4.094678508
4.092857077
4.090977060
4.089035736
4.087030821
4.084959925
4.082819928
4.080608183
4.078321906
4.075957497
4.073511882
4.070981562
4.068363124
4.065652191
4.062844950
4.059937359
4.056924366
4.053801432
4.050563826
4.047205590
4.043721372
4.040105522
4.036351038
4.032451515
4.028400221
4.024188826
4.019809670
4.015254168
4.010513695
4.005577645
4.000436097
3.995078513
3.989492078
3.983664655
3.977583261
3.971232250
3.964596563
3.957660083
3.950403433
3.942807754
3.934852708
3.926537125
3.918013977
3.909314422
3.900436466
3.891376506
3.882133167
3.872703548
3.863086276
3.853278484
3.843277844
3.833083977
3.822692505
3.812103557
3.801315807
3.790324714
3.779131006
3.767732246
3.756127209
3.744316203
3.732293945
3.720063744
3.707619557
3.694964433
3.682095542
3.669013922
3.655716009
3.642202458
3.628473851
3.614525621
3.600363125
3.585981238
3.571382597
3.556567167
3.541531457
3.526277914
3.510809270
3.495121173
3.479219723
3.463100011
3.446764197
3.430214547
3.413449075
3.396474290
3.379288013
3.361887115
3.344278255
3.326463384
3.308444279
3.290216722
3.271787721
3.253158592
3.234337223
3.215310815
3.196093711
3.176686681
3.157089916
3.137302950
3.117333770
3.097191339
3.076864976
3.056362509
3.035681028
3.014840993
2.993840417
2.972675297
2.951339102
2.929855335
2.908235647
2.886454499
2.864539557
2.842479933
2.820284205
2.797962547
2.775528142
2.752957931
2.730254765
2.707481757
2.684527717
2.661549831
2.638300204
2.615210053
2.596933467
2.578768924
2.560446249
2.542132894
2.523666522
2.505270914
2.486759677
2.468248502
2.449729475
2.431132177
2.412534272
2.393905152
2.375224511
2.356550479
2.337859583
2.319155948
2.300423636
2.281688300
2.262953186
2.244204752
2.225464516
2.206720156
2.187976678
2.169238707
2.150510604
2.131796540
2.113100497
2.094414418
2.075743256
2.057102769
2.038485555
2.019885655
2.001318121
1.982786802
1.964286163
1.945829630
1.927403064
1.909019890
1.890675712
1.872382979
1.854137369
1.835935445
1.817789030
1.799701786
1.781670304
1.763691722
1.745776939
1.727923128
1.710134149
1.692413750
1.674759591
1.657175481
1.639659417
1.622226408
1.604863172
1.587573676
1.570366818
1.553240864
1.536199163
1.519235458
1.502362828
1.485570550
1.468866766
1.452254740
1.435733279
1.419301448
1.402966576
1.386719657
1.370571943
1.354518689
1.338566750
1.322707994
1.306952795
1.291293477
1.275739951
1.260284896
1.244934573
1.229688556
2.878793143
2.882782642
2.886732309
2.890639394
2.894504297
2.898325985
2.902104850
2.905839889
2.909530173
2.913176809
2.916748664
2.920225308
2.923608851
2.926903166
2.930111310
2.933235668
2.936280162
2.939246393
2.942137992
2.944956380
2.947704464
2.950384470
2.952998138
2.955548471
2.958036541
2.960464758
2.962834939
2.965148863
2.967408245
2.969614326
2.971769466
2.973874431
2.975931050
2.977940388
2.979904518
2.981824052
2.983700597
2.985535372
2.987329550
2.989083957
2.990800009
2.992478753
2.994121225
2.995728396
2.997300952
2.998840084
3.000346706
3.001821401
3.003265537
3.004679397
3.006064032
3.007419940
3.008748117
3.010049272
3.011324079
3.012573209
3.013797088
3.014996569
3.016172245
3.017324512
3.018454144
3.019561702
3.020647524
3.021712320
3.022756601
3.023780871
3.024785400
3.025770862
3.026737688
3.027686144
3.028616842
3.029530178
3.030426408
3.031306073
3.032169558
3.033017074
3.033849137
3.034666097
3.035468140
3.036255752
3.037029256
3.037788816
3.038534890
3.039267758
3.039987590
3.040694791
3.041389506
3.042072144
3.042742949
3.043402061
3.044049850
3.044686436
3.045312282
3.045927278
3.046531981
3.047126287
3.047710725
3.048285293
3.048850304
3.049405838
3.049952192
3.050489462
3.051017931
3.051537764
3.052049052
3.052551958
3.053046750
3.053533582
3.054012615
3.054483823
3.054947624
3.055403988
3.055853067
3.056295079
3.056730165
3.057158379
3.057579850
3.057994781
3.058403302
3.058805463
3.059201452
3.059591315
3.059975236
3.060353259
3.060725563
3.061092189
3.061453236
3.061808885
3.062159216
3.062504279
3.062844230
3.063179096
3.063508968
3.063834008
3.064154291
3.064469846
3.064780760
3.065087175
3.065389107
3.065686704
3.065979974
3.066269007
3.066553917
3.066834785
3.067111629
3.067384517
3.067653565
3.067918797
3.068180321
3.068438155
3.068692364
3.068943051
3.069190239
3.069434028
3.069674423
3.069911497
3.070145334
3.070375957
3.070603411
3.070827796
3.071049164
3.071267479
3.071482870
3.071695392
3.071905050
3.072111886
3.072315955
3.072517337
3.072716032
3.072912126
3.073105623
3.073296563
3.073484993
3.073670978
3.073854568
3.074035727
3.074214560
3.074391070
3.074565335
3.074737312
3.074907144
3.075074762
3.075240268
3.075403662
3.075564977
3.075724278
3.075881560
3.076036859
3.076190202
3.076341648
3.076491204
3.076638887
3.076784763
3.076928830
3.077071113
3.077211640
3.077350462
3.077487555
3.077623020
3.077756803
3.077888960
3.078019533
3.078148530
3.078275991
3.078401889
3.078526298
3.078649218
3.078770669
3.078890669
3.079009267
3.079126458
3.079242266
3.079356703
3.079469793
3.079581578
3.079692055
3.079801242
3.079909160
3.080015818
3.080121265
3.080225491
3.080328498
3.080430359
3.080531032
3.080630551
3.080728955
3.080826220
3.080922400
3.081017488
3.081111502
3.081204475
3.081296387
3.081387264
3.081477145
3.081566023
3.081653912
3.081740822
3.081826773
3.081911774
3.081995850
3.082078991
3.082161232
3.082242559
3.082323011
3.082402592
3.082481304
3.082559166
3.082636183
3.082712372
3.082787754
3.082862314
3.082936090
3.083009063
3.083081273
3.083152700
3.083223383
3.083293320
3.083362502
3.083430973
3.083498722
3.083565761
3.083632096
3.083697741
3.083762706
3.083826991
3.083890612
3.083953577
3.084015891
3.084077564
3.084138615
3.084199028
3.084258825
3.084318013
3.084376596
3.084434585
3.084491990
3.084548811
3.084605072
3.084660755
3.084715881
3.084770454
3.084824483
3.084877972
3.084930917
3.084983351
3.085035262
3.085086661
3.085137554
3.085187936
3.085237833
3.085287241
3.085336157
3.085384597
3.085432574
3.085480075
3.085527119
3.085573707
3.085619846
3.085665539
3.085710794
3.085755616
3.085800009
3.085843968
3.085887522
3.085930650
3.085973369
3.086015686
3.086057602
3.086099124
3.086140254
3.086180999
3.086221358
3.086261338
3.086300952
3.086340190
3.086379064
3.086417572
3.086455730
3.086493537
3.086530987
3.086568097
3.086604863
3.086641295
3.086677393
3.086713156
3.086748594
3.086783712
3.086818510
3.086852995
3.086887169
3.086921028
3.086954585
3.086987839
3.087020798
3.087053455
3.087085830
3.087117908
3.087149703
3.087181211
3.087212446
3.087243399
3.087274081
3.087304493
3.087334635
3.087364516
3.087394132
3.087423485
3.087452587
3.087481434
3.087510028
3.087538377
3.087566476
3.087594339
3.087621954
3.087649331
3.087676478
3.087703387
3.087730062
3.087756516
3.087782741
3.087808743
3.087834525
3.087860085
3.087885431
3.087910561
3.087935477
3.087960184
3.087984685
3.088008982
3.088033073
3.088056958
3.088080649
3.088104140
3.088127438
3.088150539
3.088173449
3.088196172
3.088218705
3.088241056
3.088263219
3.088285198
3.088307000
3.088328625
3.088350071
3.088371343
3.088392438
3.088413365
3.088434124
3.088454711
3.088475134
3.088495392
3.088515487
3.088535420
3.088555193
3.088574807
3.088594261
3.088613563
3.088632712
3.088651707
3.088670553
3.088689246
3.088707795
3.088726194
3.088744448
3.088762562
3.088780531
3.088798360
3.088816049
3.088833599
3.088851011
3.088868290
3.088885432
3.088902443
3.088919322
3.088936069
3.088952686
3.088969176
3.088985540
3.089001779
3.089017890
3.089033879
3.089049746
3.089065493
3.089081117
3.089096623
3.089112014
3.089127286
3.089142441
3.089157484
3.089172411
3.089187227
3.089201932
3.089216526
3.089231011
3.089245388
3.089259658
3.089273820
3.089287877
3.089301830
3.089315679
3.089329427
3.089343070
3.089356616
3.089370059
3.089383403
3.089396653
3.089409803
3.089422855
3.089435814
3.089448679
3.089461446
3.089474125
3.089486710
3.089499203
3.089511606
3.089523920
3.089536145
3.089548280
3.089560331
3.089572293
3.089584170
3.089595962
3.089607670
3.089619293
3.089630833
3.089642293
3.089653671
3.089664966
3.089676185
3.089687320
3.089698381
3.089709361
3.089720266
3.089731089
3.089741843
3.089752518
3.089763119
3.089773646
3.089784099
3.089794481
3.089804789
3.089815026
3.089825193
3.089835289
3.089845315
3.089855272
3.089865160
3.089874980
3.089884733
3.089894421
3.089904040
3.089913595
3.089923083
3.089932508
3.089941868
3.089951165
3.089960398
3.089969571
3.089978679
3.089987726
3.089996713
3.090005638
3.090014505
3.090023311
3.090032058
3.090040749
3.090049379
3.090057952
3.090066468
3.090074930
3.090083333
3.090091682
3.090099975
3.090108211
3.090116394
3.090124524
3.090132600
3.090140624
3.090148592
3.090156512
3.090164378
3.090172191
3.090179956
3.090187670
3.090195334
3.090202947
3.090210511
3.090218025
3.090225493
3.090232909
3.090240280
3.090247603
3.090254879
3.090262107
3.090269289
3.090276427
3.090283518
3.090290564
3.090297565
3.090304521
3.090311434
3.090318302
3.090325127
3.090331908
3.090338645
3.090345343
3.090351996
3.090358610
3.090365179
3.090371709
3.090378198
3.090384644
3.090391053
3.090397420
3.090403748
3.090410037
3.090416285
3.090422496
3.090428667
3.090434801
3.090440897
3.090446957
3.090452978
3.090458961
3.090464908
3.090470820
3.090476693
3.090482532
3.090488334
3.090494103
3.090499834
3.090505531
3.090511195
3.090516822
3.090522417
3.090527977
3.090533504
3.090538998
3.090544458
3.090549885
3.090555279
3.090560642
3.090565971
3.090571270
3.090576538
3.090581772
3.090586977
3.090592149
3.090597291
3.090602403
3.090607483
3.090612536
3.090617556
3.090622549
3.090627510
3.090632443
3.090637347
3.090642222
3.090647068
3.090651886
3.090656675
3.090661438
3.090666171
3.090670879
3.090675557
3.090680209
3.090684833
3.090689432
3.090694003
3.090698547
3.090703066
3.090707559
3.090712025
3.090716465
3.090720880
3.090725271
3.090729636
3.090733975
3.090738291
3.090742580
3.090746847
3.090751088
3.090755306
3.090759499
3.090763668
3.090767815
3.090771938
3.090776037
3.090780113
3.090784165
3.090788195
3.090792203
3.090796189
3.090800150
3.090804091
3.090808009
3.090811906
3.090815782
3.090819634
3.090823465
3.090827276
3.090831066
3.090834834
3.090838581
3.090842308
3.090846013
3.090849699
3.090853364
3.090857009
3.090860634
3.090864238
3.090867824
3.090871390
3.090874935
3.090878462
3.090881969
3.090885458
3.090888926
3.090892377
3.090895809
3.090899221
3.090902616
3.090905992
3.090909350
3.090912690
3.090916012
3.090919315
3.090922601
3.090925869
3.090929120
3.090932353
3.090935569
3.090938768
3.090941950
3.090945115
3.090948262
3.090951393
3.090954508
3.090957605
3.090960686
3.090963752
3.090966800
3.090969833
3.090972850
3.090975851
3.090978836
3.090981805
3.090984759
3.090987697
3.090990620
3.090993527
3.090996419
3.090999296
3.091002159
3.091005006
3.091007838
3.091010655
3.091013459
3.091016246
3.091019020
3.091021780
3.091024526
3.091027256
3.091029973
3.091032676
3.091035365
3.091038040
3.091040702
3.091043350
3.091045984
3.091048604
3.091051212
3.091053806
3.091056387
3.091058954
3.091061508
3.091064050
3.091066579
3.091069094
3.091071597
3.091074088
3.091076565
3.091079030
3.091081483
3.091083923
3.091086352
3.091088767
3.091091171
3.091093563
3.091095942
3.091098310
3.091100666
3.091103010
3.091105343
3.091107663
3.091109973
3.091112271
3.091114556
3.091116832
3.091119095
3.091121347
3.091123589
3.091125818
3.091128038
3.091130246
3.091132444
3.091134629
3.091136806
3.091138971
3.091141125
3.091143269
3.091145403
3.091147525
3.091149638
3.091151739
3.091153832
3.091155913
3.091157985
3.091160047
3.091162098
3.091164139
3.091166171
3.091168193
3.091170204
3.091172207
3.091174199
3.091176183
3.091178156
3.091180120
3.091182074
3.091184020
3.091185956
3.091187882
3.091189799
3.091191707
3.091193606
3.091195496
3.091197377
3.091199249
3.091201112
3.091202966
3.091204811
3.091206647
3.091208476
3.091210294
3.091212105
3.091213907
3.091215701
3.091217485
3.091219262
3.091221030
3.091222790
3.091224542
3.091226285
3.091228020
3.091229748
3.091231466
3.091233177
3.091234880
3.091236576
3.091238262
3.091239941
3.091241613
3.091243277
3.091244933
3.091246581
3.091248222
3.091249854
3.091251479
3.091253097
3.091254707
3.091256311
3.091257906
3.091259494
3.091261075
3.091262649
3.091264215
3.091265774
3.091267326
3.091268871
3.091270409
3.091271940
3.091273464
3.091274980
3.091276490
3.091277993
3.091279489
3.091280979
3.091282461
3.091283938
3.091285406
3.091286869
3.091288324
3.091289774
3.091291217
3.091292653
3.091294083
3.091295506
3.091296922
3.091298333
3.091299737
3.091301135
3.091302526
3.091303911
3.091305291
3.091306664
3.091308030
3.091309391
3.091310746
3.091312094
3.091313437
3.091314773
3.091316103
3.091317427
3.091318746
3.091320059
3.091321366
3.091322667
3.091323964
3.091325253
3.091326537
3.091327815
3.091329088
3.091330355
3.091331616
3.091332872
3.091334122
3.091335368
3.091336607
3.091337841
3.091339070
3.091340292
3.091341510
3.091342723
3.091343930
3.091345132
3.091346328
3.091347520
3.091348706
3.091349887
3.091351063
3.091352234
3.091353399
3.091354560
3.091355716
3.091356866
3.091358012
3.091359152
3.091360288
3.091361419
3.091362545
3.091363665
3.091364782
3.091365893
3.091367000
3.091368101
3.091369199
3.091370291
3.091371378
3.091372461
3.091373540
3.091374613
3.091375682
3.091376747
3.091377807
3.091378862
3.091379914
3.091380960
3.091382001
3.091383039
3.091384072
3.091385101
3.091386125
3.091387145
3.091388160
3.091389172
3.091390179
3.091391182
3.091392180
3.091393175
3.091394164
3.091395150
