0.7365251099
0.7365251099
0.7365251099
0.7365251099
0.7365251099
0.7365251099
0.7365251099
0.7365251099
0.7365251099
0.7365251099
0.7365251099
0.7365251099
0.7365251099
0.7365251099
0.7365251099
0.7365251099
0.7365251099
0.7365251099
0.7365251099
0.7365251099
0.7365251099
0.7365251099
0.7365251099
0.7365251099
0.7365251099
0.7365251099
0.7365251099
0.7365251099
0.7365251099
0.7365251099
0.7365251099
0.7365251099
0.7365251099
0.7365251099
0.7365251099
0.7365251099
0.7365251099
0.7365251099
0.7365251099
0.7365251099
0.7365251099
0.7365251099
0.7365251099
0.7365251099
0.7365251099
0.7365251099
0.7365251099
0.7365251099
0.7365251099
0.7365251099
0.7365251099
0.7365251099
0.7365251099
0.7365251099
0.7365251099
0.7365251099
0.7365251099
0.7365251099
0.7365251099
0.7365251099
0.7365251099
0.7365251099
0.7365251099
0.7365251099
0.7365251099
0.7365251099
0.7365251099
0.7365251099
0.7365251099
0.7365251099
0.7365251099
0.7365251099
0.7365251099
0.7365251099
0.7365251099
0.7365251099
0.7365251099
0.7365251099
0.7365251099
0.7365251099
0.7365251099
0.7365251099
0.7365251099
0.7365251099
0.7365251099
0.7365251099
0.7365251099
0.7365251099
0.7365251099
0.7365251099
0.7365251099
0.7365251099
0.7365251099
0.7365251099
0.7365251099
0.7365251099
0.7365251099
0.7365251099
0.7365251099
0.7365251099
0.7365251099
0.7365251099
0.7365251099
0.7365251099
0.7365251099
0.7365251099
0.7365251099
0.7365251099
0.7365251099
0.7365251099
0.7365251099
0.7365251099
0.7365251099
0.7365251099
0.7365251099
0.7365251099
0.7365251099
0.7365251099
0.7365251099
0.7365251099
0.7365251099
0.7365251099
0.7365251099
0.7365251099
0.7365251099
0.7365251099
0.7365251099
0.7365251099
0.7365251099
0.7365251099
0.7365251099
0.7365251099
0.7365251099
0.7365251099
0.7365251099
0.7365251099
0.7365251099
0.7365251099
0.7365251099
0.7365251099
0.7365251099
0.7365251099
0.7365251099
0.7365251099
0.7365251099
0.7365251099
0.7365251099
0.7365251099
0.7365251099
0.7365251099
0.7365251099
0.7365251099
0.7365251099
0.7365251099
0.7365251099
0.7365251099
0.7365251099
0.7365251099
0.7365251099
0.7365251099
0.7365251099
0.7365251099
0.7365251099
0.7365251099
0.7365251099
0.7365251099
0.7365251099
0.7365251099
0.7365251099
0.7365251099
0.7365251099
0.7365251099
0.7365251099
0.7365251099
0.7365251099
0.7365251099
0.7365251099
0.7365251099
0.7365251099
0.7365251099
0.7365251099
0.7365251099
0.7365251099
0.7365251099
0.7365251099
0.7365251099
0.7365251099
0.7365251099
0.7365251099
0.7365251099
0.7365251099
0.7365251099
0.7365251099
0.7365251099
0.7365251099
0.7365251099
0.7365251099
0.7365251099
0.7365251099
0.7365251099
0.7365251099
0.7365251099
0.7365251099
0.7365251099
0.7365251099
0.7365251099
0.7365251099
0.7365251099
0.7365251099
0.7365251099
0.7365251099
0.7365251099
0.7365251099
0.7365251099
0.7365251099
0.7365251099
0.7365251099
0.7365251099
0.7365251099
0.7365251099
0.7365251099
0.7365251099
0.7365251099
0.7365251099
0.7365251099
0.7365251099
0.7365251099
0.7365251099
0.7365251099
0.7365251099
0.7365251099
0.7365251099
0.7365251099
0.7365251099
0.7365251099
0.7365251099
0.7365251099
0.7365251099
0.7365251099
0.7365251099
0.7365251099
0.7365251099
0.7365251099
0.7365251099
0.7365251099
0.7365251099
0.7365251099
0.7365251099
0.7365251099
0.7365251099
0.7365251099
0.7365251099
0.7365251099
0.7365251099
0.7365251099
0.7365251099
0.7365251099
0.7365251099
0.7365251099
0.7365251099
0.7365251099
0.7365251099
0.7365251099
0.7365251099
0.7365251099
0.7365251099
0.7365251099
0.7365251099
0.7365251099
0.7365251099
0.7365251099
0.7365251099
0.7365251099
0.7365251099
0.7365251099
0.7365251099
0.7365251099
0.7365251099
0.7365251099
0.7365251099
0.7365251099
0.7365251099
0.7365251099
0.7365251099
0.7365251099
0.7364798132
0.7363209993
0.7360469853
0.7356578355
0.7351536412
0.7345328031
0.7337954693
0.7329412437
0.7319680448
0.7308761107
0.7296634261
0.7283297237
0.7268724904
0.7252903943
0.7235815750
0.7217447845
0.7197771178
0.7176762906
0.7154400734
0.7130646013
0.7105477712
0.7078852953
0.7050729703
0.7021072433
0.6989829760
0.6956945849
0.6922366110
0.6886020650
0.6847830123
0.6807722537
0.6765600341
0.6721351956
0.6674857709
0.6625979381
0.6574550059
0.6520385918
0.6463432137
0.6405958135
0.6348746134
0.6291785463
0.6235081469
0.6178634152
0.6122448739
0.6066514752
0.6010837442
0.5955421965
0.5900257986
0.5845350683
0.5790705141
0.5736311169
0.5682173873
0.5628298267
0.5574674302
0.5521307014
0.5468201343
0.5415347386
0.5362750105
0.5310409501
0.5258330419
0.5206503145
0.5154932549
0.5103623402
0.5052566136
0.5001765546
0.4951226335
0.4900939076
0.4850908494
0.4801139218
0.4751621967
0.4702361392
0.4653362052
0.4604614807
0.4556124240
0.4507890349
0.4459917597
0.4412197037
0.4364733154
0.4317530338
0.4270579785
0.4223885909
0.4177453028
0.4131272483
0.4085348614
0.4039685669
0.3994275130
0.3949121269
0.3904228259
0.3859587728
0.3815203874
0.3771076696
0.3727210275
0.3683596428
0.3640239259
0.3597142773
0.3554298933
0.3511711771
0.3469385220
0.3427311388
0.3385494233
0.3343937618
0.3302633793
0.3261586645
0.3220799965
0.3180266147
0.3139989007
0.3099968543
0.3060208452
0.3020701319
0.2981450862
0.2942460707
0.2903723581
0.2865243131
0.2827022912
0.2789055793
0.2751345351
0.2713895066
0.2676697954
0.2639757520
0.2603077171
0.2566650066
0.2530479639
0.2494565889
0.2458912128
0.2423511708
0.2388367965
0.2353484140
0.2318853727
0.2284479991
0.2250366102
0.2216505696
0.2182901968
0.2149558014
0.2116467615
0.2083633894
0.2051059875
0.2018826540
0.1987554358
0.1957324278
0.1928088544
0.1899797839
0.1872412898
0.1845892656
0.1820202861
0.1795307334
0.1771173660
0.1747775845
0.1725080229
0.1703065031
0.1681706266
0.1660975091
0.1640854190
0.1621321277
0.1602357269
0.1583946189
0.1566064500
0.1548702346
0.1531837029
0.1515459357
0.1499552592
0.1484105508
0.1469102010
0.1454531446
0.1440383398
0.1426642628
0.1413304264
0.1400353549
0.1387783498
0.1375584802
0.1363745882
0.1352260306
0.1341121785
0.1330319298
0.1319849320
0.1309701166
0.1299869175
0.1290347809
0.1281129263
0.1272210651
0.1263584423
0.1255243172
0.1247184355
0.1239403153
0.1231894857
0.1224652520
0.1217673988
0.1210954855
0.1204493131
0.1198279959
0.1192315848
0.1186596751
0.1181118711
0.1175877856
0.1170872687
0.1166101770
0.1161559178
0.1157243632
0.1153151643
0.1149284329
0.1145638333
0.1142210373
0.1138997237
0.1136000292
0.1133218701
0.1130647192
0.1128287305
0.1126136144
0.1124193117
0.1122457690
0.1120929387
0.1119605551
0.1118485821
0.1117572125
0.1116859747
0.1116352957
0.1116047153
0.1115946715
0.1116009209
0.1116194469
0.1116504759
0.1116937896
0.1117498420
0.1118179725
0.1118988624
0.1119920786
0.1120976362
0.1122160004
0.1123467434
0.1124901108
0.1126463508
0.1128150413
0.1129964345
0.1131905608
0.1133976774
0.1136175944
0.1138503484
0.1140962037
0.1143549762
0.1146269348
0.1149121256
0.1152105966
0.1155223981
0.1158475825
0.1161862045
0.1165385489
0.1169046758
0.1172844186
0.1176780699
0.1180859261
0.1185078274
0.1189438451
0.1193942837
0.1198589889
0.1203385024
0.1208326752
0.1213418241
0.1218658038
0.1224049371
0.1229595509
0.1235295071
0.1241149035
0.1247160760
0.1253333653
0.1259666428
0.1266162553
0.1272823166
0.1279649428
0.1286644922
0.1293810881
0.1301150975
0.1308661677
0.1316351551
0.1324221979
0.1332271935
0.1340505281
0.1348923483
0.1357532961
0.1366330348
0.1375324628
0.1384514972
0.1393903040
0.1403493028
0.1413289193
0.1423290822
0.1433507311
0.1443935507
0.1454582408
0.1465447446
0.1476540317
0.1487857984
0.1499410298
0.1511194284
0.1523219953
0.1535487010
0.1548000410
0.1560767826
0.1573786456
0.1587069419
0.1600614015
0.1614428229
0.1628514791
0.1642881885
0.1657532396
0.1672469251
0.1687703655
0.1703106389
0.1718579090
0.1734116193
0.1749720419
0.1765391730
0.1781127269
0.1796932626
0.1812802110
0.1828741362
0.1844744642
0.1860814757
0.1876951670
0.1893152437
0.1909422822
0.1925756960
0.1942157722
0.1958625070
0.1975158967
0.1991759375
0.2008423263
0.2025156570
0.2041953257
0.2058816281
0.2075742560
0.2092738134
0.2109796864
0.2126921757
0.2144112776
0.2161369883
0.2178689923
0.2196075952
0.2213527933
0.2231045828
0.2248629601
0.2266276033
0.2283988243
0.2301766194
0.2319606631
0.2337515940
0.2355487635
0.2373524898
0.2391624423
0.2409789416
0.2428019841
0.2446315659
0.2464676834
0.2483099999
0.2501588422
0.2520142065
0.2538757526
0.2557438108
0.2576183775
0.2594991086
0.2613863382
0.2632800628
0.2651802784
0.2670866363
0.2689994754
0.2709187921
0.2728442337
0.2747761430
0.2767145163
0.2786589972
0.2806099323
0.2825673178
0.2845307937
0.2865007101
0.2884770635
0.2904594900
0.2924483435
0.2944436204
0.2964449532
0.2984526995
0.3004668556
0.3024870505
0.3045136452
0.3065462664
0.3085852778
0.3106306756
0.3126820826
0.3147398663
0.3168036469
0.3188741716
0.3209503049
0.3230331749
0.3251216389
0.3272168322
0.3293179882
0.3314254840
0.3335389301
0.3356587063
0.3377844206
0.3399164552
0.3420548064
0.3441990785
0.3463492643
0.3485057508
0.3506685343
0.3528376113
0.3550121817
0.3571934326
0.3593805630
0.3615735654
0.3637728356
0.3659783699
0.3681897591
0.3704069961
0.3726304813
0.3748602111
0.3770957715
0.3793375667
0.3815851804
0.3838390192
0.3860986643
0.3883645247
0.3906361793
0.3929136207
0.3951972616
0.3974870984
0.3997827051
0.4020844979
0.4043920484
0.4067053492
0.4090248205
0.4113504585
0.4136818300
0.4160189275
0.4183621761
0.4207111387
0.4230662425
0.4254270483
0.4277935487
0.4301661746
0.4325449225
0.4349293481
0.4373194441
0.4397156462
0.4421175068
0.4445254639
0.4469390672
0.4493583095
0.4517836327
0.4542145829
0.4566516042
0.4590942404
0.4615424842
0.4639967835
0.4664566784
0.4689221617
0.4713936848
0.4738712442
0.4763539139
0.4788426079
0.4813373224
0.4838375892
0.4863434010
0.4888547506
0.4913720992
0.4938949736
0.4964238374
0.4989582150
0.5014980991
0.5040434827
0.5065948340
0.5091521495
0.5117144696
0.5142827420
0.5168564825
0.5194361657
0.5220208224
0.5246118937
0.5272079241
0.5298098756
0.5324172570
0.5350300613
0.5376487710
0.5402728916
0.5429024158
0.5455373366
0.5481781414
0.5508243308
0.5534758976
0.5561333329
0.5587961337
0.5614642929
0.5641378033
0.5668171608
0.5695013534
0.5721918865
0.5748872406
0.5775879125
0.5802944041
0.5830062017
0.5857238096
0.5884461991
0.5911743869
0.5939078547
0.5966465952
0.5993906014
0.6021403845
0.6048954215
0.6076557052
0.6104212285
0.6131919843
0.6159684899
0.6187502161
0.6215371559
0.6243293022
0.6271266478
0.6299297161
0.6327379719
0.6355508755
0.6383700178
0.6411937939
0.6440227291
0.6468573539
0.6496965877
0.6525414992
0.6553915440
0.6582467151
0.6611075486
0.6639729522
0.6668434609
0.6697196144
0.6726008612
0.6754871943
0.6783786067
0.6812750912
0.6841766409
0.6870838026
0.6899954626
0.6929127229
0.6958344652
0.6987617960
0.7016941521
0.7046315265
0.7075739121
0.7105213020
0.7134736891
0.7164316319
0.7193939935
0.7223618993
0.7253342075
0.7283120481
0.7312942748
0.7342820223
0.7372747133
0.7402717660
0.7432743218
0.7462818003
0.7492941943
0.7523114969
0.7553337011
0.7583608000
0.7613927865
0.7644296537
0.7674713946
0.7705180022
0.7735694696
0.7766263787
0.7796875460
0.7827535522
0.7858243903
0.7889000535
0.7919805347
0.7950658271
0.7981559236
0.8012514154
0.8043511006
0.8074555692
0.8105648142
0.8136788287
0.8167976058
0.8199205335
0.8230488139
0.8261818360
0.8293195930
0.8324620781
0.8356086734
0.8387605925
0.8419172189
0.8450779315
0.8482433352
0.8514140397
0.8545888063
0.8577682433
0.8609523439
0.8641411013
0.8673345084
0.8705325586
0.8737352448
0.8769425602
0.8801538712
0.8833704232
0.8865909548
0.8898160859
0.8930458095
0.8962801189
0.8995190071
0.9027624674
0.9060104929
0.9092624396
0.9125189355
0.9157806132
0.9190461882
0.9223162919
0.9255902747
0.9288694141
0.9321530618
0.9354405647
0.9387325599
0.9420290406
0.9453300000
0.9486354313
0.9519446757
0.9552583761
0.9585765257
0.9618991177
0.9652261453
0.9685576016
0.9718928213
0.9752324540
0.9785764928
0.9819249311
0.9852770987
0.9886343142
0.9919952434
0.9953605426
0.9987295374
1.002103555
1.005481253
1.008863291
1.012249664
1.015639690
1.019034709
1.022433366
1.025835651
1.029242910
1.032653781
1.036068934
1.039488363
1.042911378
1.046339337
1.049770866
1.053205957
1.056645971
1.060089531
1.063536625
1.066988625
1.070444145
1.073903866
1.077367782
1.080835191
1.084306780
1.087782542
1.091261772
1.094745159
1.098232696
1.101724378
1.105219494
1.108718034
1.112221399
1.115728172
1.119239052
1.122753323
1.126271684
1.129794129
1.133319941
1.136850532
1.140383761
1.143921043
1.147462370
1.151007737
1.154556420
1.158109126
1.161665130
1.165225142
1.168789156
1.172356443
1.175927716
1.179502969
1.183081468
1.186663932
1.190249626
1.193839268
1.197432122
1.201028910
1.204629625
1.208233526
1.211841339
1.215452321
1.219067200
1.222685229
1.226307140
1.229932926
1.233561837
1.237194608
1.240830488
1.244470212
1.248113027
1.251759670
1.255409388
1.259062919
1.262720257
1.266380644
1.270044069
1.273711278
1.277382263
1.281056262
1.284733266
1.288414022
1.292098524
1.295786006
1.299476457
1.303170630
1.306868520
1.310569354
1.314273122
1.317980583
1.321690962
1.325405017
1.329121973
1.332842591
1.336566092
1.340293239
1.344023253
1.347756898
1.351493392
1.355232725
1.358975666
1.362722209
1.366470785
1.370223728
1.373978685
1.377737211
1.381499300
1.385264160
1.389031781
1.392802941
1.396576845
1.400353483
1.404133637
1.407917301
1.411702880
1.415491952
1.419284511
1.423079752
1.426877667
1.430679045
1.434483078
1.438289759
1.442099879
1.445912630
1.449728000
1.453546786
1.457368176
1.461192968
1.465019537
1.468850300
1.472682822
1.476518713
1.480357155
1.484198952
1.488042468
1.491890138
1.495739507
1.499592200
1.503447391
1.507305070
1.511166049
1.515029500
1.518895413
1.522764603
1.526636238
1.530510309
1.534386807
1.538266551
1.542148704
1.546033258
1.549921034
1.553811194
1.557703729
1.561598628
1.565496719
1.569397157
1.573299935
1.577205043
1.581113310
1.585023890
1.588936774
1.592851952
1.596769415
1.600689999
1.604612851
1.608537962
1.612466171
1.616395773
1.620328456
1.624263364
1.628201338
1.632140666
1.636083045
1.640027612
1.643974359
1.647923276
1.651874355
1.655828444
1.659784678
1.663742186
1.667703543
1.671666156
1.675630875
1.679598560
1.683568335
1.687540193
1.691514123
1.695490117
1.699468166
1.703449131
1.707431262
1.711416294
1.715403346
1.719392408
1.723383472
1.727376528
1.731372447
1.735369462
1.739369322
1.743370259
1.747374025
1.751379731
1.755387367
1.759396925
1.763408396
1.767421769
1.771437926
1.775455080
1.779475001
1.783495899
1.787519547
1.791545047
1.795571494
1.799600667
1.803631664
1.807664476
1.811699093
1.815735508
1.819773710
1.823813690
1.827855440
1.831898951
1.835945119
1.839992125
1.844040865
1.848091330
1.852144419
1.856198308
1.860253894
1.864311169
1.868371037
1.872431664
1.876493954
1.880558812
1.884624400
1.888691623
1.892760473
1.896831861
1.900903937
1.904977614
1.909052882
1.913129732
1.917208155
1.921288142
1.925369685
1.929452774
1.933537402
1.937623558
1.941711234
1.945799490
1.949890179
1.953981428
1.958075095
1.962169301
1.966265911
1.970363040
1.974461618
1.978561634
1.982663081
1.986765949
1.990870230
1.994974971
1.999082050
2.003189570
2.007299412
2.011409676
2.015521298
2.019634269
2.023748582
2.027864227
2.031980243
2.036098525
2.040217159
2.044337089
2.048458306
2.052580800
2.056704565
2.060829590
2.064954908
2.069081467
2.073209260
2.077338277
2.081468509
2.085599949
2.089731622
2.093864483
2.097998524
2.102133735
2.106270109
2.110406666
2.114544367
2.118683202
2.122823164
2.126964243
2.131105456
2.135248744
2.139391169
2.143535653
2.147681210
2.151826851
2.155973546
2.160121288
2.164270066
2.168418890
2.172568732
2.176719583
2.180870450
2.185023296
2.189176137
2.193329953
2.197483744
2.201638491
2.205794185
2.209950817
2.214108380
2.218265870
2.222424271
2.226582578
2.230741779
2.234901864
2.239062825
2.243223654
2.247386341
2.251547875
2.255711252
2.259874456
2.264038484
2.268202319
2.272366957
2.276532392
2.280698614
2.284864605
2.289031365
2.293197874
2.297365133
2.301533135
2.305700856
2.309869300
2.314038461
2.318207312
2.322376860
2.326547097
2.330716995
2.334887563
2.339057773
2.343229658
2.347400142
2.351571260
2.355743004
2.359915367
2.364087312
2.368259856
2.372431964
2.376604653
2.380776885
2.384949681
2.389123032
2.393295897
2.397469300
2.401642197
2.405815613
2.409989540
2.414162933
2.418335781
2.422509111
2.426682918
2.430856150
2.435029840
2.439202936
2.443376472
2.447549394
2.451722738
2.455896496
2.460069612
2.464242075
2.468414925
2.472587102
2.476759648
2.480932555
2.485104761
2.489276256
2.493448084
2.497620237
2.501791651
2.505962315
2.510133277
2.514304529
2.518473942
2.522644687
2.526814635
2.530983775
2.535153160
2.539321717
2.543489437
2.547658442
2.551825524
2.555992806
2.560160282
2.564325803
2.568492568
2.572657358
2.576823376
2.580987399
2.585151560
2.589315852
2.593478117
2.597641570
2.601802974
2.605964473
2.610126059
2.614286644
2.618446218
2.622605853
2.626764458
2.630922023
2.635079621
2.639236161
2.643391631
2.647547108
2.651702586
2.655855878
2.660009151
2.664162397
2.668313426
2.672464410
2.676615341
2.680764024
2.684913730
2.689061167
2.693208516
2.697354671
2.701499623
2.705644460
2.709788075
2.713930458
2.718072700
2.722213692
2.726353423
2.730492987
2.734631272
2.738768268
2.742903965
2.747039460
2.751173638
2.755307597
2.759439110
2.763570386
2.767700307
2.771829974
2.775957155
2.780084063
2.784210693
2.788334804
2.792458619
2.796581011
2.800701972
2.804822610
2.808940678
2.813058405
2.817174663
2.821290563
2.825403853
2.829516768
2.833628175
2.837739191
2.841847555
2.845955509
2.850061919
2.854166775
2.858270066
2.862372913
2.866473047
2.870572720
2.874670791
2.878768385
2.882863225
2.886957569
2.891049139
2.895140196
2.899229595
2.903318465
2.907404520
2.911490029
2.915572701
2.919654810
2.923735204
2.927815019
2.931891957
2.935967153
2.940041743
2.944114572
2.948184485
2.952253765
2.956321256
2.960388099
2.964451986
2.968514055
2.972575450
2.976633857
2.980691573
2.984747436
2.988801436
2.992853564
2.996903810
3.000952166
3.004998622
3.009044326
3.013086954
3.017127654
3.021167577
3.025204393
3.029240415
3.033274474
3.037305395
3.041335497
3.045363607
3.049389717
3.053413816
3.057435895
3.061455946
3.065473959
3.069489924
3.073503834
3.077515677
3.081525446
3.085533132
3.089538724
3.093542214
3.097543593
3.101542851
3.105539980
3.109534970
3.113527813
3.117518499
3.121507019
3.125493364
3.129477526
3.133459494
3.137439261
3.141416816
3.145392152
3.149365258
3.153334940
3.157303561
3.161269926
3.165232838
3.169194664
3.173153017
3.177110268
3.181064027
3.185015475
3.188964603
3.192911403
3.196855865
3.200797981
3.204737742
3.208675138
3.212608965
3.216541607
3.220470659
3.224398511
3.228322754
3.232244579
3.236163977
3.240080940
3.243995458
3.247906319
3.251815922
3.255721848
3.259625294
3.263526251
3.267424710
3.271320663
3.275214100
3.279103803
3.282990973
3.286875600
3.290757676
3.294637193
3.298514141
3.302387298
3.306259084
3.310127060
