3570000.000
3570000.000
3570000.000
3570000.000
3570000.000
3570000.000
3570000.000
3570000.000
3570000.000
3570000.000
3570000.000
3570000.000
3570000.000
3570000.000
3570000.000
3570000.000
3570000.000
3570000.000
3570000.000
3570000.000
3570000.000
3570000.000
3570000.000
3570000.000
3570000.000
3570000.000
3570000.000
3570000.000
3570000.000
3570000.000
3570000.000
3570000.000
3570000.000
3570000.000
3570000.000
3570000.000
3570000.000
3570000.000
3570000.000
3570000.000
3570000.000
3570000.000
3570000.000
3570000.000
3570000.000
3570000.000
3570000.000
3570000.000
3570000.000
3570000.000
3570000.000
3570000.000
3570000.000
3570000.000
3570000.000
3570000.000
3570000.000
3570000.000
3570000.000
3570000.000
3570000.000
3570000.000
3570000.000
3570000.000
3570000.000
3570000.000
3570000.000
3570000.000
3570000.000
3570000.000
3570000.000
3570000.000
3570000.000
3570000.000
3570000.000
3570000.000
3570000.000
3570000.000
3570000.000
3570000.000
3570000.000
3570000.000
3570000.000
3570000.000
3570000.000
3570000.000
3570000.000
3570000.000
3570000.000
3570000.000
3570000.000
3570000.000
3570000.000
3570000.000
3570000.000
3570000.000
3570000.000
3570000.000
3570000.000
3570000.000
3570000.000
3570000.000
3570000.000
3570000.000
3570000.000
3570000.000
3570000.000
3570000.000
3570000.000
3570000.000
3570000.000
3570000.000
3570000.000
3570000.000
3570000.000
3570000.000
3570000.000
3570000.000
3570000.000
3570000.000
3570000.000
3570000.000
3570000.000
3570000.000
3570000.000
3570000.000
3570000.000
3570000.000
3570000.000
3570000.000
3570000.000
3570000.000
3570000.000
3570000.000
3570000.000
3570000.000
3570000.000
3570000.000
3570000.000
3570000.000
3570000.000
3570000.000
3570000.000
3570000.000
3570000.000
3570000.000
3570000.000
3570000.000
3570000.000
3570000.000
3570000.000
3570000.000
3570000.000
3570000.000
3570000.000
3570000.000
3570000.000
3570000.000
3570000.000
3570000.000
3570000.000
3570000.000
3570000.000
3570000.000
3570000.000
3570000.000
3570000.000
3570000.000
3570000.000
3570000.000
3570000.000
3570000.000
3570000.000
3570000.000
3570000.000
3570000.000
3570000.000
3570000.000
3570000.000
3570000.000
3570000.000
3570000.000
3570000.000
3570000.000
3570000.000
3570000.000
3570000.000
3570000.000
3570000.000
3570000.000
3570000.000
3570000.000
3570000.000
3570000.000
3570000.000
3570000.000
3570000.000
3570000.000
3570000.000
3570000.000
3570000.000
3570000.000
3570000.000
3570000.000
3570000.000
3570000.000
3570000.000
3570000.000
3570000.000
3570000.000
3570000.000
3570000.000
3570000.000
3570000.000
3570000.000
3570000.000
3570000.000
3570000.000
3570000.000
3570000.000
3570000.000
3570000.000
3570000.000
3570000.000
3570000.000
3570000.000
3570000.000
3570000.000
3570000.000
3570000.000
3570000.000
3570000.000
3570000.000
3570000.000
3570000.000
3570000.000
3570000.000
3570000.000
3570000.000
3570000.000
3570000.000
3570000.000
3570000.000
3570000.000
3570000.000
3570000.000
3570000.000
3570000.000
3570000.000
3570000.000
3570000.000
3570000.000
3570000.000
3570000.000
3570000.000
3570000.000
3570000.000
3570000.000
3570000.000
3570000.000
3570000.000
3570000.000
3570000.000
3570000.000
3570000.000
3570000.000
3570000.000
3570000.000
3570000.000
3570000.000
3570000.000
3570000.000
3570000.000
3570000.000
3570000.000
3570000.000
3570000.000
3570000.000
3570000.000
3570000.000
3570000.000
3570000.000
3570000.000
3570000.000
3570000.000
3569997.717
3569989.711
3569975.879
3569956.215
3569930.685
3569899.185
3569861.662
3569818.049
3569768.170
3569711.969
3569649.258
3569579.923
3569503.723
3569420.474
3569329.930
3569231.886
3569126.014
3569012.007
3568889.536
3568758.164
3568617.526
3568467.100
3568306.332
3568134.679
3567951.463
3567755.921
3567547.262
3567324.517
3567086.594
3566832.363
3566560.436
3566269.209
3565956.870
3565621.335
3565260.092
3564870.268
3564449.633
3564013.618
3563567.645
3563111.349
3562644.499
3562166.791
3561677.964
3561177.607
3560665.438
3560141.169
3559604.361
3559054.681
3558491.826
3557915.298
3557324.744
3556719.814
3556099.952
3555464.780
3554813.899
3554146.711
3553462.780
3552761.590
3552042.692
3551305.380
3550549.179
3549773.546
3548977.740
3548161.187
3547323.311
3546463.271
3545580.438
3544674.155
3543743.487
3542787.729
3541806.130
3540797.657
3539761.513
3538696.764
3537602.548
3536477.649
3535321.121
3534132.007
3532908.933
3531650.828
3530356.592
3529024.692
3527653.926
3526243.024
3524790.257
3523294.262
3521753.596
3520166.309
3518530.827
3516845.330
3515108.127
3513316.894
3511469.752
3509564.720
3507599.191
3505570.961
3503477.777
3501316.638
3499085.031
3496780.326
3494399.087
3491938.406
3489395.224
3486765.581
3484046.104
3481232.952
3478322.384
3475309.594
3472190.408
3468960.401
3465614.037
3462146.355
3458552.188
3454825.017
3450959.004
3446947.991
3442784.332
3438461.058
3433970.849
3429304.628
3424454.084
3419409.891
3414162.709
3408701.021
3403014.097
3397090.555
3390916.525
3384478.922
3377763.767
3370754.184
3363433.998
3355785.919
3347789.128
3339423.447
3330667.151
3321519.681
3312149.909
3302592.511
3292845.697
3282905.927
3272772.120
3262441.546
3251913.159
3241184.299
3230252.912
3219119.093
3207778.588
3196232.083
3184478.688
3172514.035
3160339.513
3147953.085
3135354.051
3122543.391
3109516.043
3096276.280
3082818.263
3069146.016
3055257.219
3041153.751
3026832.548
3012295.116
2997542.894
2982571.814
2967388.479
2951988.263
2936374.886
2920549.214
2904508.450
2888256.157
2871796.203
2855124.941
2838249.848
2821166.730
2803878.914
2786389.849
2768698.504
2750812.826
2732731.606
2714452.675
2695984.159
2677329.240
2658490.922
2639465.966
2620262.873
2600884.198
2581339.329
2561616.189
2541730.881
2521685.414
2501481.216
2481119.059
2460608.417
2439959.719
2419163.266
2398228.350
2377153.285
2355960.175
2334648.217
2313214.607
2291654.040
2269991.547
2248240.055
2226375.121
2204425.777
2182382.343
2160254.644
2138054.027
2115794.751
2093455.130
2071039.277
2048610.576
2026060.780
2003545.418
1980823.063
1958315.944
1940543.041
1922916.234
1905173.674
1887478.159
1869673.473
1851975.832
1834206.260
1816476.385
1798778.862
1781046.886
1763354.980
1745674.350
1727986.223
1710346.018
1692731.825
1675147.867
1657579.539
1640051.250
1622566.295
1605112.328
1587709.656
1570347.075
1553029.497
1535761.437
1518547.127
1501390.586
1484295.625
1467255.054
1450273.582
1433365.659
1416524.660
1399745.338
1383041.384
1366416.303
1349865.178
1333400.045
1317008.319
1300701.973
1284477.107
1268344.703
1252300.888
1236342.612
1220480.181
1204716.675
1189049.004
1173474.588
1158002.741
1142630.868
1127362.132
1112199.558
1097140.950
1082189.356
1067342.866
1052613.939
1037991.086
1023477.420
1009080.126
994797.4422
980631.8416
966577.8174
952645.8684
938826.7927
925126.9567
911548.6514
898090.5087
884751.3806
871536.8039
858439.0847
845466.8767
832615.9221
819891.2515
807285.9262
794807.7300
782450.1067
770220.3915
758112.3305
746130.3329
734273.5431
2728472.403
2733388.959
2738258.439
2743077.388
2747846.232
2752563.633
2757230.009
2761844.058
2766404.567
2770912.840
2775330.304
2779631.576
2783819.139
2787897.669
2791870.838
2795741.496
2799514.402
2803191.452
2806777.054
2810272.893
2813682.496
2817008.551
2820253.150
2823419.956
2826510.238
2829526.933
2832472.243
2835348.326
2838157.266
2840900.561
2843581.100
2846199.794
2848758.881
2851259.648
2853704.639
2856094.583
2858431.449
2860716.726
2862951.845
2865137.808
2867276.354
2869368.764
2871416.304
2873420.163
2875381.175
2877300.805
2879180.175
2881019.994
2882821.951
2884586.380
2886314.582
2888007.158
2889665.340
2891289.999
2892881.964
2894442.059
2895970.807
2897469.258
2898938.145
2900377.952
2901789.635
2903173.887
2904531.121
2905862.214
2907167.799
2908448.498
2909704.639
2910937.059
2912146.290
2913332.659
2914496.921
2915639.570
2916760.920
2917861.639
2918942.205
2920002.878
2921044.299
2922066.898
2923070.907
2924056.928
2925025.362
2925976.410
2926910.642
2927828.404
2928729.906
2929615.651
2930485.818
2931340.917
2932181.248
2933006.986
2933818.591
2934616.210
2935400.421
2936171.084
2936928.894
2937673.718
2938406.217
2939126.388
2939834.619
2940531.010
2941215.928
2941889.496
2942552.065
2943203.840
2943844.934
2944475.549
2945096.019
2945706.538
2946307.305
2946898.286
2947480.003
2948052.419
2948615.722
2949170.186
2949715.984
2950253.184
2950781.948
2951302.527
2951815.086
2952319.685
2952816.559
2953305.766
2953787.534
2954261.919
2954729.144
2955189.261
2955642.392
2956088.763
2956528.476
2956961.591
2957388.304
2957808.648
2958222.737
2958630.774
2959032.850
2959429.005
2959819.344
2960204.047
2960583.134
2960956.788
2961325.020
2961687.942
2962045.697
2962398.387
2962746.033
2963088.721
2963426.595
2963759.687
2964088.129
2964411.946
2964731.218
2965046.074
2965356.543
2965662.750
2965964.703
2966262.489
2966556.218
2966845.914
2967131.637
2967413.512
2967691.602
2967965.862
2968236.456
2968503.450
2968766.851
2969026.714
2969283.104
2969536.123
2969785.771
2970032.157
2970275.284
2970515.202
2970751.971
2970985.672
2971216.368
2971444.013
2971668.739
2971890.549
2972109.542
2972325.665
2972539.094
2972749.745
2972957.745
2973163.094
2973365.833
2973566.045
2973763.721
2973958.909
2974151.641
2974341.992
2974529.970
2974715.596
2974898.954
2975080.041
2975258.887
2975435.528
2975610.030
2975782.359
2975952.645
2976120.818
2976286.951
2976451.093
2976613.257
2976773.491
2976931.763
2977088.164
2977242.696
2977395.383
2977546.247
2977695.350
2977842.686
2977988.286
2978132.163
2978274.347
2978414.894
2978553.796
2978691.078
2978826.767
2978960.872
2979093.456
2979224.506
2979354.025
2979482.104
2979608.691
2979733.828
2979857.565
2979979.869
2980100.810
2980220.381
2980338.600
2980455.514
2980571.092
2980685.372
2980798.399
2980910.165
2981020.690
2981129.983
2981238.072
2981344.967
2981450.700
2981555.257
2981658.684
2981760.962
2981862.141
2981962.224
2982061.217
2982159.139
2982256.001
2982351.822
2982446.629
2982540.402
2982633.190
2982724.968
2982815.789
2982905.624
2982994.524
2983082.488
2983169.501
2983255.621
2983340.834
2983425.154
2983508.589
2983591.158
2983672.871
2983753.729
2983833.753
2983912.952
2983991.332
2984068.907
2984145.700
2984221.691
2984296.907
2984371.357
2984445.048
2984517.991
2984590.201
2984661.676
2984732.446
2984802.492
2984871.836
2984940.484
2985008.449
2985075.735
2985142.337
2985208.296
2985273.598
2985338.256
2985402.278
2985465.657
2985528.427
2985590.582
2985652.118
2985713.055
2985773.411
2985833.168
2985892.350
2985950.959
2986009.003
2986066.486
2986123.420
2986179.807
2986235.656
2986290.959
2986345.752
2986400.011
2986453.755
2986506.993
2986559.727
2986611.965
2986663.710
2986714.972
2986765.747
2986816.046
2986865.885
2986915.251
2986964.160
2987012.608
2987060.616
2987108.182
2987155.300
2987201.989
2987248.246
2987294.083
2987339.500
2987384.496
2987429.083
2987473.268
2987517.050
2987560.439
2987603.435
2987646.036
2987688.258
2987730.098
2987771.567
2987812.656
2987853.391
2987893.752
2987933.756
2987973.400
2988012.702
2988051.648
2988090.253
2988128.519
2988166.444
2988204.042
2988241.306
2988278.240
2988314.857
2988351.154
2988387.133
2988422.804
2988458.160
2988493.219
2988527.967
2988562.414
2988596.573
2988630.432
2988663.997
2988697.284
2988730.282
2988763.000
2988795.443
2988827.605
2988859.497
2988891.119
2988922.471
2988953.561
2988984.391
2989014.965
2989045.278
2989075.333
2989105.145
2989134.705
2989164.021
2989193.090
2989221.919
2989250.513
2989278.866
2989306.992
2989334.881
2989362.539
2989389.973
2989417.186
2989444.172
2989470.941
2989497.486
2989523.819
2989549.942
2989575.848
2989601.548
2989627.041
2989652.328
2989677.411
2989702.293
2989726.975
2989751.457
2989775.746
2989799.844
2989823.746
2989847.463
2989870.986
2989894.328
2989917.481
2989940.453
2989963.248
2989985.860
2990008.296
2990030.556
2990052.642
2990074.554
2990096.298
2990117.870
2990139.277
2990160.518
2990181.593
2990202.505
2990223.257
2990243.850
2990264.285
2990284.561
2990304.682
2990324.650
2990344.466
2990364.128
2990383.642
2990403.011
2990422.231
2990441.303
2990460.234
2990479.019
2990497.665
2990516.170
2990534.536
2990552.765
2990570.858
2990588.816
2990606.640
2990624.330
2990641.889
2990659.318
2990676.620
2990693.789
2990710.837
2990727.755
2990744.549
2990761.223
2990777.772
2990794.199
2990810.508
2990826.698
2990842.765
2990858.721
2990874.560
2990890.283
2990905.891
2990921.389
2990936.774
2990952.047
2990967.213
2990982.268
2990997.214
2991012.056
2991026.790
2991041.417
2991055.941
2991070.363
2991084.683
2991098.898
2991113.018
2991127.032
2991140.951
2991154.771
2991168.494
2991182.116
2991195.650
2991209.086
2991222.428
2991235.676
2991248.832
2991261.897
2991274.870
2991287.755
2991300.550
2991313.256
2991325.875
2991338.405
2991350.851
2991363.210
2991375.484
2991387.676
2991399.783
2991411.809
2991423.749
2991435.612
2991447.392
2991459.093
2991470.712
2991482.257
2991493.721
2991505.107
2991516.417
2991527.650
2991538.810
2991549.893
2991560.902
2991571.841
2991582.702
2991593.491
2991604.210
2991614.860
2991625.435
2991635.943
2991646.380
2991656.747
2991667.046
2991677.278
2991687.442
2991697.541
2991707.569
2991717.537
2991727.437
2991737.271
2991747.044
2991756.752
2991766.398
2991775.979
2991785.500
2991794.956
2991804.356
2991813.690
2991822.966
2991832.184
2991841.341
2991850.438
2991859.478
2991868.462
2991877.387
2991886.255
2991895.066
2991903.821
2991912.521
2991921.165
2991929.756
2991938.290
2991946.770
2991955.200
2991963.573
2991971.897
2991980.165
2991988.384
2991996.552
2992004.665
2992012.730
2992020.744
2992028.709
2992036.624
2992044.488
2992052.306
2992060.073
2992067.793
2992075.465
2992083.093
2992090.671
2992098.201
2992105.686
2992113.127
2992120.520
2992127.868
2992135.171
2992142.432
2992149.645
2992156.815
2992163.945
2992171.027
2992178.069
2992185.067
2992192.024
2992198.938
2992205.810
2992212.641
2992219.430
2992226.180
2992232.888
2992239.557
2992246.187
2992252.775
2992259.326
2992265.836
2992272.308
2992278.742
2992285.136
2992291.496
2992297.815
2992304.098
2992310.343
2992316.552
2992322.724
2992328.860
2992334.960
2992341.024
2992347.052
2992353.046
2992359.003
2992364.929
2992370.818
2992376.672
2992382.493
2992388.281
2992394.034
2992399.754
2992405.442
2992411.096
2992416.718
2992422.306
2992427.863
2992433.389
2992438.884
2992444.345
2992449.777
2992455.176
2992460.547
2992465.885
2992471.193
2992476.471
2992481.719
2992486.938
2992492.127
2992497.287
2992502.417
2992507.517
2992512.590
2992517.634
2992522.651
2992527.638
2992532.598
2992537.530
2992542.434
2992547.312
2992552.161
2992556.984
2992561.780
2992566.551
2992571.293
2992576.009
2992580.700
2992585.363
2992590.003
2992594.615
2992599.204
2992603.766
2992608.303
2992612.816
2992617.304
2992621.767
2992626.206
2992630.621
2992635.012
2992639.377
2992643.721
2992648.040
2992652.335
2992656.609
2992660.858
2992665.084
2992669.288
2992673.469
2992677.627
2992681.763
2992685.877
2992689.969
2992694.038
2992698.086
2992702.112
2992706.117
2992710.101
2992714.062
2992718.003
2992721.924
2992725.823
2992729.701
2992733.559
2992737.396
2992741.214
2992745.011
2992748.788
2992752.545
2992756.282
2992760.000
2992763.698
2992767.378
2992771.037
2992774.677
2992778.298
2992781.901
2992785.485
2992789.050
2992792.596
2992796.125
2992799.633
2992803.125
2992806.598
2992810.054
2992813.491
2992816.911
2992820.313
2992823.697
2992827.065
2992830.416
2992833.748
2992837.064
2992840.362
2992843.645
2992846.910
2992850.158
2992853.389
2992856.604
2992859.804
2992862.987
2992866.153
2992869.303
2992872.438
2992875.556
2992878.659
2992881.747
2992884.818
2992887.875
2992890.915
2992893.941
2992896.952
2992899.946
2992902.927
2992905.892
2992908.843
2992911.779
2992914.700
2992917.607
2992920.499
2992923.375
2992926.240
2992929.088
2992931.924
2992934.745
2992937.552
2992940.345
2992943.125
2992945.891
2992948.642
2992951.381
2992954.106
2992956.819
2992959.517
2992962.203
2992964.874
2992967.533
2992970.178
2992972.812
2992975.432
2992978.040
2992980.635
2992983.217
2992985.786
2992988.344
2992990.888
2992993.421
2992995.942
2992998.449
2993000.945
2993003.429
2993005.902
2993008.361
2993010.810
2993013.247
2993015.672
2993018.085
2993020.486
2993022.876
2993025.255
2993027.623
2993029.980
2993032.324
2993034.657
2993036.980
2993039.291
2993041.593
2993043.883
2993046.162
2993048.429
2993050.688
2993052.934
2993055.170
2993057.396
2993059.610
2993061.816
2993064.010
2993066.194
2993068.369
2993070.532
2993072.685
2993074.828
2993076.963
2993079.085
2993081.199
2993083.303
2993085.398
2993087.482
2993089.557
2993091.622
2993093.677
2993095.723
2993097.759
2993099.786
2993101.804
2993103.812
2993105.812
2993107.802
2993109.782
2993111.753
2993113.716
2993115.669
2993117.614
2993119.549
2993121.477
2993123.395
2993125.303
2993127.204
2993129.096
2993130.979
2993132.854
2993134.721
2993136.579
2993138.427
2993140.268
2993142.100
2993143.925
2993145.741
2993147.549
2993149.349
2993151.140
2993152.923
2993154.698
2993156.466
2993158.225
2993159.976
2993161.720
2993163.456
2993165.185
2993166.905
2993168.617
2993170.323
2993172.020
2993173.710
2993175.392
2993177.066
2993178.733
2993180.393
2993182.046
2993183.691
2993185.329
2993186.961
2993188.584
2993190.200
2993191.808
2993193.411
2993195.005
2993196.593
2993198.174
2993199.748
2993201.315
2993202.875
2993204.428
2993205.975
2993207.514
2993209.047
2993210.573
2993212.092
2993213.605
2993215.111
2993216.612
2993218.105
2993219.591
2993221.071
2993222.545
2993224.012
2993225.473
2993226.928
2993228.376
2993229.818
2993231.254
2993232.684
2993234.106
2993235.524
2993236.934
2993238.340
2993239.738
2993241.132
2993242.518
2993243.899
2993245.274
2993246.643
2993248.006
2993249.364
2993250.715
2993252.061
2993253.401
2993254.735
2993256.063
2993257.387
2993258.704
2993260.015
2993261.321
2993262.621
2993263.916
2993265.206
2993266.489
2993267.767
2993269.041
2993270.308
2993271.571
2993272.827
2993274.079
2993275.325
2993276.566
