3727172.898
3727172.898
3727172.898
3727172.898
3727172.898
3727172.898
3727172.898
3727172.898
3727172.898
3727172.898
3727172.898
3727172.898
3727172.898
3727172.898
3727172.898
3727172.898
3727172.898
3727172.898
3727172.898
3727172.898
3727172.898
3727172.898
3727172.898
3727172.898
3727172.898
3727172.898
3727172.898
3727172.898
3727172.898
3727172.898
3727172.898
3727172.898
3727172.898
3727172.898
3727172.898
3727172.898
3727172.898
3727172.898
3727172.898
3727172.898
3727172.898
3727172.898
3727172.898
3727172.898
3727172.898
3727172.898
3727172.898
3727172.898
3727172.898
3727172.898
3727172.898
3727172.898
3727172.898
3727172.898
3727172.898
3727172.898
3727172.898
3727172.898
3727172.898
3727172.898
3727172.898
3727172.898
3727172.898
3727172.898
3727172.898
3727172.898
3727172.898
3727172.898
3727172.898
3727172.898
3727172.898
3727172.898
3727172.898
3727172.898
3727172.898
3727172.898
3727172.898
3727172.898
3727172.898
3727172.898
3727172.898
3727172.898
3727172.898
3727172.898
3727172.898
3727172.898
3727172.898
3727172.898
3727172.898
3727172.898
3727172.898
3727172.898
3727172.898
3727172.898
3727172.898
3727172.898
3727172.898
3727172.898
3727172.898
3727172.898
3727172.898
3727172.898
3727172.898
3727172.898
3727172.898
3727172.898
3727172.898
3727172.898
3727172.898
3727172.898
3727172.898
3727172.898
3727172.898
3727172.898
3727172.898
3727172.898
3727172.898
3727172.898
3727172.898
3727172.898
3727172.898
3727172.898
3727172.898
3727172.898
3727172.898
3727172.898
3727172.898
3727172.898
3727172.898
3727172.898
3727172.898
3727172.898
3727172.898
3727172.898
3727172.898
3727172.898
3727172.898
3727172.898
3727172.898
3727172.898
3727172.898
3727172.898
3727172.898
3727172.898
3727172.898
3727172.898
3727172.898
3727172.898
3727172.898
3727172.898
3727172.898
3727172.898
3727172.898
3727172.898
3727172.898
3727172.898
3727172.898
3727172.898
3727172.898
3727172.898
3727172.898
3727172.898
3727172.898
3727172.898
3727172.898
3727172.898
3727172.898
3727172.898
3727172.898
3727172.898
3727172.898
3727172.898
3727172.898
3727172.898
3727172.898
3727172.898
3727172.898
3727172.898
3727172.898
3727172.898
3727172.898
3727172.898
3727172.898
3727172.898
3727172.898
3727172.898
3727172.898
3727172.898
3727172.898
3727172.898
3727172.898
3727172.898
3727172.898
3727172.898
3727172.898
3727172.898
3727172.898
3727172.898
3727172.898
3727172.898
3727172.898
3727172.898
3727172.898
3727172.898
3727172.898
3727172.898
3727172.898
3727172.898
3727172.898
3727172.898
3727172.898
3727172.898
3727172.898
3727172.898
3727172.898
3727172.898
3727172.898
3727172.898
3727172.898
3727172.898
3727172.898
3727172.898
3727172.898
3727172.898
3727172.898
3727172.898
3727172.898
3727172.898
3727172.898
3727172.898
3727172.898
3727172.898
3727172.898
3727172.898
3727172.898
3727172.898
3727172.898
3727172.898
3727172.898
3727172.898
3727172.898
3727172.898
3727172.898
3727172.898
3727172.898
3727172.898
3727172.898
3727172.898
3727172.898
3727172.898
3727172.898
3727172.898
3727172.898
3727172.898
3727172.898
3727172.898
3727172.898
3727172.898
3727172.898
3727172.898
3727172.898
3727172.898
3727172.898
3727172.898
3727172.898
3727172.898
3727172.898
3727172.898
3727172.898
3727172.898
3727172.898
3727172.898
3727172.898
3727172.898
3727172.898
3727172.898
3727172.898
3727172.898
3727172.898
3727172.898
3727172.898
3727172.898
3727172.898
3727172.898
3727172.898
3727172.348
3727170.419
3727167.086
3727162.349
3727156.198
3727148.608
3727139.568
3727129.060
3727117.042
3727103.501
3727088.391
3727071.684
3727053.324
3727033.264
3727011.447
3726987.821
3726962.309
3726934.836
3726905.323
3726873.663
3726839.770
3726803.517
3726764.769
3726723.397
3726679.237
3726632.103
3726581.806
3726528.110
3726470.753
3726409.461
3726343.900
3726273.680
3726198.366
3726117.452
3726030.332
3725936.313
3725834.852
3725729.673
3725622.081
3725511.988
3725399.338
3725284.055
3725166.077
3725045.304
3724921.665
3724795.092
3724665.476
3724532.737
3724396.800
3724257.543
3724114.881
3723968.727
3723818.945
3723665.443
3723508.123
3723346.839
3723181.483
3723011.928
3722838.065
3722659.721
3722476.777
3722289.102
3722096.513
3721898.868
3721696.026
3721487.780
3721273.974
3721054.447
3720828.968
3720597.362
3720359.445
3720114.961
3719863.714
3719605.471
3719340.019
3719067.057
3718786.351
3718497.662
3718200.651
3717895.050
3717580.585
3717256.877
3716923.624
3716580.509
3716227.103
3715863.064
3715488.030
3715101.516
3714703.126
3714292.403
3713868.922
3713432.102
3712981.467
3712516.519
3712036.602
3711541.159
3711029.618
3710501.223
3709955.335
3709391.285
3708808.204
3708205.349
3707581.938
3706936.966
3706269.566
3705578.755
3704863.570
3704122.783
3703355.313
3702560.018
3701735.471
3700880.386
3699993.415
3699072.872
3698117.231
3697124.876
3696093.815
3695022.213
3693908.134
3692749.198
3691543.194
3690287.649
3688980.065
3687617.384
3686196.721
3684715.004
3683168.514
3681553.694
3679866.734
3678103.054
3676258.209
3674327.425
3672304.985
3670185.269
3667962.199
3665635.009
3663246.147
3660804.088
3658308.024
3655756.686
3653149.419
3650485.126
3647763.131
3644982.323
3642141.730
3639240.923
3636278.321
3633253.614
3630166.065
3627014.004
3623797.252
3620514.714
3617165.624
3613749.648
3610264.819
3606711.642
3603087.894
3599393.980
3595628.575
3591791.473
3587881.100
3583897.103
3579839.094
3575705.146
3571496.252
3567210.282
3562847.392
3558406.933
3553887.192
3549288.225
3544610.161
3539850.970
3535011.770
3530090.321
3525086.506
3520000.235
3514830.090
3509577.254
3504240.217
3498817.139
3493309.209
3487716.142
3482037.585
3476271.267
3470418.443
3464478.559
3458453.150
3452337.102
3446133.984
3439843.006
3433463.165
3426993.215
3420434.659
3413789.341
3407052.601
3400225.863
3393306.962
3386301.560
3379207.818
3372023.165
3364744.103
3357377.382
3349925.781
3342379.215
3334745.955
3327020.903
3319205.716
3311302.647
3303315.063
3295233.390
3287057.183
3278807.871
3270443.682
3262020.513
3253445.758
3244877.308
3238057.483
3231246.095
3224341.300
3217405.369
3210375.979
3203337.635
3196218.436
3189062.067
3181864.971
3174599.026
3167293.830
3159936.744
3152518.959
3145062.869
3137558.515
3130006.887
3122400.829
3114750.053
3107055.265
3099310.235
3091523.196
3083688.391
3075807.232
3067881.007
3059910.921
3051898.130
3043843.735
3035743.633
3027599.312
3019417.055
3011193.045
3002924.012
2994616.033
2986270.286
2977883.713
2969461.855
2960997.705
2952496.852
2943956.718
2935382.580
2926771.917
2918122.567
2909439.634
2900724.423
2891974.835
2883188.985
2874371.730
2865521.244
2856639.000
2847726.461
2838782.042
2829807.263
2820800.692
2811769.704
2802707.080
2793614.486
2784496.268
2775351.212
2766180.812
2756981.384
2747759.741
2738509.750
2729235.607
2719938.898
2710618.745
2701274.388
2691909.806
2682519.630
2673110.171
2663678.515
2654228.555
2644755.328
2635264.902
2625752.541
2616224.172
2606675.239
2597109.528
2587526.740
3652541.521
3654059.318
3655560.514
3657044.111
3658510.310
3659958.768
3661389.682
3662802.720
3664197.578
3665574.721
3666922.455
3668233.154
3669507.706
3670747.655
3671954.231
3673128.407
3674271.727
3675384.858
3676469.226
3677525.422
3678554.590
3679557.616
3680535.200
3681488.511
3682417.994
3683324.589
3684209.015
3685071.970
3685914.130
3686735.990
3687538.459
3688321.853
3689086.879
3689833.960
3690563.891
3691276.924
3691973.678
3692654.626
3693320.223
3693970.797
3694606.889
3695228.904
3695837.244
3696432.283
3697014.289
3697583.718
3698140.922
3698686.128
3699219.855
3699742.218
3700253.617
3700754.246
3701244.483
3701724.600
3702194.853
3702655.499
3703106.704
3703548.790
3703981.982
3704406.435
3704822.439
3705230.208
3705629.874
3706021.702
3706405.888
3706782.621
3707152.007
3707514.298
3707869.657
3708218.188
3708560.118
3708895.598
3709224.727
3709547.705
3709864.679
3710175.730
3710481.050
3710780.771
3711074.965
3711363.812
3711647.434
3711925.894
3712199.363
3712467.946
3712731.706
3712990.796
3713245.270
3713495.282
3713740.921
3713982.241
3714219.380
3714452.383
3714681.422
3714906.459
3715127.698
3715345.103
3715558.869
3715768.998
3715975.604
3716178.718
3716378.451
3716574.838
3716767.985
3716957.953
3717144.776
3717328.515
3717509.268
3717687.094
3717862.052
3718034.133
3718203.491
3718370.116
3718534.063
3718695.415
3718854.222
3719010.505
3719164.313
3719315.719
3719464.773
3719611.492
3719755.946
3719898.153
3720038.180
3720176.044
3720311.810
3720445.495
3720577.134
3720706.794
3720834.506
3720960.287
3721084.195
3721206.240
3721326.456
3721444.902
3721561.606
3721676.579
3721789.852
3721901.479
3722011.465
3722119.865
3722226.681
3722331.947
3722435.704
3722537.983
3722638.790
3722738.151
3722836.107
3722932.668
3723027.873
3723121.730
3723214.261
3723305.505
3723395.471
3723484.194
3723571.678
3723657.948
3723743.036
3723826.949
3723909.706
3723991.342
3724071.875
3724151.294
3724229.646
3724306.950
3724383.209
3724458.438
3724532.656
3724605.895
3724678.152
3724749.461
3724819.822
3724889.251
3724957.763
3725025.384
3725092.131
3725157.992
3725223.004
3725287.169
3725350.516
3725413.029
3725474.759
3725535.682
3725595.836
3725655.219
3725713.845
3725771.737
3725828.892
3725885.326
3725941.046
3725996.076
3726050.417
3726104.075
3726157.075
3726209.416
3726261.107
3726312.159
3726362.590
3726412.390
3726461.599
3726510.194
3726558.198
3726605.625
3726652.477
3726698.771
3726744.496
3726789.678
3726834.319
3726878.425
3726922.003
3726965.070
3727007.625
3727049.677
3727091.230
3727132.293
3727172.881
3727212.993
3727252.636
3727291.817
3727330.540
3727368.822
3727406.660
3727444.054
3727481.032
3727517.577
3727553.703
3727589.423
3727624.729
3727659.640
3727694.155
3727728.278
3727762.023
3727795.383
3727828.366
3727860.986
3727893.242
3727925.139
3727956.679
3727987.871
3728018.718
3728049.228
3728079.399
3728109.242
3728138.753
3728167.946
3728196.823
3728225.384
3728253.635
3728281.580
3728309.223
3728336.574
3728363.626
3728390.392
3728416.867
3728443.065
3728468.979
3728494.621
3728519.994
3728545.091
3728569.930
3728594.507
3728618.826
3728642.890
3728666.702
3728690.268
3728713.587
3728736.664
3728759.503
3728782.106
3728804.476
3728826.620
3728848.532
3728870.221
3728891.688
3728912.935
3728933.967
3728954.787
3728975.395
3728995.799
3729015.994
3729035.986
3729055.778
3729075.372
3729094.770
3729113.970
3729132.985
3729151.810
3729170.449
3729188.904
3729207.174
3729225.268
3729243.184
3729260.921
3729278.486
3729295.883
3729313.107
3729330.165
3729347.057
3729363.787
3729380.354
3729396.763
3729413.015
3729429.111
3729445.049
3729460.840
3729476.477
3729491.965
3729507.307
3729522.504
3729537.558
3729552.469
3729567.241
3729581.873
3729596.367
3729610.729
3729624.954
3729639.047
3729653.007
3729666.840
3729680.545
3729694.122
3729707.574
3729720.902
3729734.109
3729747.195
3729760.159
3729773.005
3729785.735
3729798.349
3729810.850
3729823.237
3729835.510
3729847.674
3729859.728
3729871.675
3729883.512
3729895.247
3729906.874
3729918.398
3729929.819
3729941.141
3729952.360
3729963.480
3729974.503
3729985.428
3729996.258
3730006.992
3730017.631
3730028.179
3730038.634
3730048.997
3730059.272
3730069.456
3730079.554
3730089.563
3730099.485
3730109.323
3730119.076
3730128.743
3730138.330
3730147.835
3730157.258
3730166.602
3730175.865
3730185.050
3730194.157
3730203.187
3730212.141
3730221.020
3730229.825
3730238.555
3730247.210
3730255.796
3730264.309
3730272.751
3730281.123
3730289.425
3730297.659
3730305.824
3730313.924
3730321.955
3730329.920
3730337.820
3730345.656
3730353.427
3730361.136
3730368.780
3730376.363
3730383.885
3730391.345
3730398.745
3730406.086
3730413.367
3730420.590
3730427.755
3730434.862
3730441.911
3730448.905
3730455.843
3730462.726
3730469.555
3730476.328
3730483.049
3730489.715
3730496.329
3730502.892
3730509.403
3730515.863
3730522.272
3730528.631
3730534.940
3730541.200
3730547.411
3730553.575
3730559.690
3730565.758
3730571.779
3730577.753
3730583.682
3730589.565
3730595.403
3730601.196
3730606.944
3730612.649
3730618.310
3730623.928
3730629.504
3730635.037
3730640.528
3730645.978
3730651.386
3730656.754
3730662.081
3730667.368
3730672.616
3730677.825
3730682.995
3730688.126
3730693.218
3730698.273
3730703.291
3730708.271
3730713.214
3730718.121
3730722.992
3730727.826
3730732.626
3730737.390
3730742.118
3730746.813
3730751.474
3730756.099
3730760.692
3730765.251
3730769.777
3730774.270
3730778.731
3730783.160
3730787.556
3730791.922
3730796.255
3730800.558
3730804.830
3730809.071
3730813.281
3730817.462
3730821.613
3730825.735
3730829.827
3730833.891
3730837.925
3730841.931
3730845.909
3730849.859
3730853.780
3730857.676
3730861.543
3730865.383
3730869.196
3730872.983
3730876.744
3730880.478
3730884.186
3730887.869
3730891.526
3730895.158
3730898.765
3730902.347
3730905.904
3730909.437
3730912.946
3730916.430
3730919.892
3730923.328
3730926.743
3730930.133
3730933.501
3730936.845
3730940.168
3730943.467
3730946.744
3730950.000
3730953.232
3730956.444
3730959.634
3730962.803
3730965.951
3730969.077
3730972.182
3730975.267
3730978.332
3730981.376
3730984.400
3730987.404
3730990.387
3730993.351
3730996.296
3730999.221
3731002.128
3731005.014
3731007.882
3731010.732
3731013.562
3731016.374
3731019.168
3731021.944
3731024.702
3731027.441
3731030.163
3731032.868
3731035.554
3731038.224
3731040.877
3731043.512
3731046.130
3731048.731
3731051.317
3731053.885
3731056.437
3731058.973
3731061.493
3731063.996
3731066.484
3731068.956
3731071.412
3731073.852
3731076.278
3731078.688
3731081.084
3731083.463
3731085.828
3731088.178
3731090.513
3731092.834
3731095.140
3731097.432
3731099.710
3731101.973
3731104.223
3731106.458
3731108.680
3731110.888
3731113.083
3731115.263
3731117.430
3731119.584
3731121.725
3731123.853
3731125.967
3731128.069
3731130.158
3731132.234
3731134.297
3731136.349
3731138.387
3731140.413
3731142.427
3731144.429
3731146.419
3731148.396
3731150.362
3731152.315
3731154.258
3731156.188
3731158.107
3731160.015
3731161.911
3731163.796
3731165.669
3731167.531
3731169.383
3731171.223
3731173.053
3731174.871
3731176.679
3731178.476
3731180.263
3731182.039
3731183.804
3731185.560
3731187.304
3731189.039
3731190.764
3731192.478
3731194.183
3731195.878
3731197.562
3731199.237
3731200.903
3731202.558
3731204.204
3731205.840
3731207.468
3731209.085
3731210.693
3731212.292
3731213.882
3731215.463
3731217.035
3731218.598
3731220.151
3731221.696
3731223.233
3731224.760
3731226.279
3731227.789
3731229.290
3731230.783
3731232.268
3731233.744
3731235.212
3731236.671
3731238.123
3731239.566
3731241.001
3731242.428
3731243.847
3731245.258
3731246.662
3731248.057
3731249.445
3731250.825
3731252.198
3731253.562
3731254.919
3731256.269
3731257.611
3731258.946
3731260.273
3731261.593
3731262.906
3731264.211
3731265.510
3731266.801
3731268.085
3731269.362
3731270.633
3731271.896
3731273.152
3731274.402
3731275.645
3731276.880
3731278.110
3731279.333
3731280.549
3731281.758
3731282.961
3731284.157
3731285.348
3731286.531
3731287.709
3731288.879
3731290.044
3731291.202
3731292.355
3731293.501
3731294.641
3731295.775
3731296.903
3731298.024
3731299.140
3731300.250
3731301.354
3731302.453
3731303.545
3731304.632
3731305.713
3731306.788
3731307.858
3731308.922
3731309.981
3731311.033
3731312.081
3731313.123
3731314.159
3731315.190
3731316.216
3731317.236
3731318.252
3731319.261
3731320.266
3731321.265
3731322.259
3731323.248
3731324.232
3731325.211
3731326.185
3731327.154
3731328.118
3731329.076
3731330.030
3731330.979
3731331.924
3731332.863
3731333.798
3731334.727
3731335.652
3731336.573
3731337.489
3731338.399
3731339.306
3731340.208
3731341.105
3731341.998
3731342.886
3731343.770
3731344.649
3731345.524
3731346.394
3731347.261
3731348.122
3731348.980
3731349.833
3731350.682
3731351.527
3731352.367
3731353.203
3731354.035
3731354.863
3731355.687
3731356.507
3731357.322
3731358.134
3731358.942
3731359.745
3731360.545
3731361.341
3731362.132
3731362.920
3731363.704
3731364.485
3731365.261
3731366.034
3731366.802
3731367.567
3731368.328
3731369.086
3731369.840
3731370.590
3731371.337
3731372.080
3731372.819
3731373.555
3731374.287
3731375.015
3731375.741
3731376.462
3731377.180
3731377.895
3731378.606
3731379.314
3731380.018
3731380.719
3731381.417
3731382.111
3731382.802
3731383.490
3731384.174
3731384.855
3731385.533
3731386.208
3731386.879
3731387.547
3731388.212
3731388.874
3731389.533
3731390.189
3731390.841
3731391.491
3731392.137
3731392.781
3731393.421
3731394.058
3731394.692
3731395.324
3731395.952
3731396.578
3731397.200
3731397.819
3731398.436
3731399.050
3731399.661
3731400.269
3731400.874
3731401.477
3731402.076
3731402.673
3731403.268
3731403.859
3731404.447
3731405.033
3731405.616
3731406.197
3731406.774
3731407.350
3731407.922
3731408.492
3731409.059
3731409.624
3731410.186
3731410.745
3731411.302
3731411.857
3731412.408
3731412.957
3731413.504
3731414.048
3731414.590
3731415.130
3731415.667
3731416.201
3731416.733
3731417.263
3731417.790
3731418.315
3731418.837
3731419.357
3731419.875
3731420.390
3731420.903
3731421.414
3731421.923
3731422.429
3731422.932
3731423.434
3731423.934
3731424.431
3731424.926
3731425.418
3731425.909
3731426.397
3731426.883
3731427.367
3731427.849
3731428.329
3731428.806
3731429.282
3731429.755
3731430.226
3731430.695
3731431.162
3731431.627
3731432.090
3731432.551
3731433.010
3731433.467
3731433.921
3731434.374
3731434.825
3731435.274
3731435.721
3731436.166
3731436.608
3731437.049
3731437.488
3731437.925
3731438.361
3731438.794
3731439.226
3731439.655
3731440.083
3731440.509
3731440.932
3731441.355
3731441.775
3731442.193
3731442.610
3731443.025
3731443.438
3731443.849
3731444.259
3731444.666
3731445.072
3731445.476
3731445.879
3731446.280
3731446.679
3731447.076
3731447.471
3731447.865
3731448.257
3731448.648
3731449.037
3731449.424
3731449.809
3731450.193
3731450.575
3731450.956
3731451.335
3731451.712
3731452.088
3731452.462
3731452.834
3731453.205
3731453.574
3731453.942
3731454.309
3731454.673
3731455.036
3731455.398
3731455.758
3731456.116
3731456.473
