16.78345137
16.78345137
16.78345137
16.78345137
16.78345137
16.78345137
16.78345137
16.78345137
16.78345137
16.78345137
16.78345137
16.78345137
16.78345137
16.78345137
16.78345137
16.78345137
16.78345137
16.78345137
16.78345137
16.78345137
16.78345137
16.78345137
16.78345137
16.78345137
16.78345137
16.78345137
16.78345137
16.78345137
16.78345137
16.78345137
16.78345137
16.78345137
16.78345137
16.78345137
16.78345137
16.78345137
16.78345137
16.78345137
16.78345137
16.78345137
16.78345137
16.78345137
16.78345137
16.78345137
16.78345137
16.78345137
16.78345137
16.78345137
16.78345137
16.78345137
16.78345137
16.78345137
16.78345137
16.78345137
16.78345137
16.78345137
16.78345137
16.78345137
16.78345137
16.78345137
16.78345137
16.78345137
16.78345137
16.78345137
16.78345137
16.78345137
16.78345137
16.78345137
16.78345137
16.78345137
16.78345137
16.78345137
16.78345137
16.78345137
16.78345137
16.78345137
16.78345137
16.78345137
16.78345137
16.78345137
16.78345137
16.78345137
16.78345137
16.78345137
16.78345137
16.78345137
16.78345137
16.78345137
16.78345137
16.78345137
16.78345137
16.78345137
16.78345137
16.78345137
16.78345137
16.78345137
16.78345137
16.78345137
16.78345137
16.78345137
16.78345137
16.78345137
16.78345137
16.78345137
16.78345137
16.78345137
16.78345137
16.78345137
16.78345137
16.78345137
16.78345137
16.78345137
16.78345137
16.78345137
16.78345137
16.78345137
16.78345137
16.78345137
16.78345137
16.78345137
16.78345137
16.78345137
16.78345137
16.78345137
16.78345137
16.78345137
16.78345137
16.78345137
16.78345137
16.78345137
16.78345137
16.78345137
16.78345137
16.78345137
16.78345137
16.78345137
16.78345137
16.78345137
16.78345137
16.78345137
16.78345137
16.78345137
16.78345137
16.78345137
16.78345137
16.78345137
16.78345137
16.78345137
16.78345137
16.78345137
16.78345137
16.78345137
16.78345137
16.78345137
16.78345137
16.78345137
16.78345137
16.78345137
16.78345137
16.78345137
16.78345137
16.78345137
16.78345137
16.78345137
16.78345137
16.78345137
16.78345137
16.78345137
16.78345137
16.78345137
16.78345137
16.78345137
16.78345137
16.78345137
16.78345137
16.78345137
16.78345137
16.78345137
16.78345137
16.78345137
16.78345137
16.78345137
16.78345137
16.78345137
16.78345137
16.78345137
16.78345137
16.78345137
16.78345137
16.78345137
16.78345137
16.78345137
16.78345137
16.78345137
16.78345137
16.78345137
16.78345137
16.78345137
16.78345137
16.78345137
16.78345137
16.78345137
16.78345137
16.78345137
16.78345137
16.78345137
16.78345137
16.78345137
16.78345137
16.78345137
16.78345137
16.78345137
16.78345137
16.78345137
16.78345137
16.78345137
16.78345137
16.78345137
16.78345137
16.78345137
16.78345137
16.78345137
16.78345137
16.78345137
16.78345137
16.78345137
16.78345137
16.78345137
16.78345137
16.78345137
16.78345137
16.78345137
16.78345137
16.78345137
16.78345137
16.78345137
16.78345137
16.78345137
16.78345137
16.78345137
16.78345137
16.78345137
16.78345137
16.78345137
16.78345137
16.78345137
16.78345137
16.78345137
16.78345137
16.78345137
16.78345137
16.78345137
16.78345137
16.78345137
16.78345137
16.78345137
16.78345137
16.78345137
16.78345137
16.78345137
16.78345137
16.78345137
16.78345137
16.78345137
16.78345137
16.78345137
16.78345137
16.78345137
16.78345137
16.78345137
16.78345137
16.78345137
16.78345137
16.78345137
16.78345137
16.78345137
16.78345137
16.78345137
16.78345137
16.78345137
16.78345137
16.78345137
16.78345137
16.78345137
16.78345137
16.78241918
16.77880023
16.77255618
16.76368849
16.75219924
16.73805199
16.72125011
16.70178457
16.67960796
16.65472568
16.62709182
16.59670028
16.56349380
16.52744203
16.48850258
16.44664700
16.40180910
16.35393683
16.30297938
16.24884868
16.19149680
16.13082605
16.06674063
15.99915959
15.92796583
15.85303213
15.77423409
15.69141244
15.60438637
15.51299183
15.41700653
15.31617621
15.21022817
15.09884744
14.98165367
14.85822798
14.72844544
14.59747745
14.46710649
14.33730825
14.20809490
14.07946646
13.95143482
13.82397612
13.69710232
13.57082516
13.44512110
13.32000194
13.19547926
13.07152984
12.94816532
12.82539712
12.70320235
12.58159247
12.46057875
12.34013861
12.22028338
12.10101304
11.98233864
11.86423805
11.74672236
11.62980244
11.51345648
11.39769543
11.28252999
11.16793868
11.05393227
10.94052131
10.82768464
10.71543287
10.60377639
10.49269436
10.38219724
10.27228501
10.16296785
10.05422536
9.946067777
9.838505094
9.731517252
9.625114308
9.519306104
9.414072904
9.309424602
9.205370876
9.101892318
8.998998659
8.896699411
8.794975495
8.693836478
8.593282359
8.493322434
8.393938059
8.295138583
8.196933137
8.099303403
8.002258569
7.905807601
7.809932510
7.714642318
7.619945829
7.525825380
7.432289829
7.339347818
7.246982011
7.155201103
7.064005094
6.973402406
6.883376140
6.793934773
6.705086563
6.616814939
6.529128214
6.442034483
6.355517501
6.269585418
6.184246165
6.099483825
6.015306384
5.931721610
5.848713912
5.766291113
5.684453213
5.603207761
5.522539605
5.442456347
5.362965373
5.284051859
5.205723243
5.127986748
5.050827875
4.974253902
4.898271885
4.822867655
4.748048323
4.673820785
4.600369572
4.529108575
4.460222251
4.393601776
4.329134772
4.266731763
4.206299175
4.147758954
4.091028660
4.036034425
3.982717018
3.930999737
3.880832946
3.832161992
3.784921151
3.739070961
3.694560639
3.651346701
3.609392739
3.568645117
3.529081380
3.490649800
3.453329436
3.417082142
3.381882339
3.347693352
3.314490906
3.282251262
3.250939697
3.220545105
3.191033867
3.162390058
3.134592469
3.107614715
3.081442137
3.056060406
3.031444406
3.007586106
2.984461158
2.962056661
2.940359997
2.919353379
2.899030232
2.879373347
2.860365851
2.842001947
2.824270656
2.807161242
2.790657878
2.774755658
2.759444539
2.744719986
2.730561816
2.716971191
2.703938889
2.691455889
2.679513372
2.668107922
2.657236268
2.646884908
2.637050924
2.627726367
2.618913787
2.610605530
2.602794118
2.595472236
2.588642995
2.582304487
2.576444701
2.571067145
2.566165219
2.561737577
2.557783001
2.554300404
2.551283733
2.548732165
2.546650096
2.545026774
2.543871935
2.543175089
2.542946218
2.543088625
2.543510784
2.544217850
2.545204856
2.546482142
2.548034654
2.549877921
2.552002069
2.554407447
2.557104652
2.560083938
2.563350900
2.566911196
2.570755205
2.574888675
2.579312296
2.584031934
2.589043258
2.594347103
2.599949494
2.605846230
2.612043445
2.618542186
2.625343548
2.632448676
2.639858766
2.647575062
2.655604055
2.663947114
2.672600444
2.681570713
2.690864672
2.700478683
2.710414368
2.720678667
2.731268064
2.742194903
2.753455788
2.765057940
2.776998047
2.789283463
2.801921638
2.814909427
2.828249056
2.841948181
2.856014565
2.870445277
2.885248222
2.900425990
2.915981227
2.931922100
2.948251418
2.964977543
2.982092438
2.999615619
3.017550236
3.035893947
3.054655555
3.073838403
3.093457118
3.113504025
3.133999602
3.154941955
3.176334870
3.198187904
3.220510764
3.243301819
3.266582485
3.290345576
3.314607035
3.339365571
3.364643279
3.390433235
3.416757893
3.443610465
3.471013774
3.498967139
3.527481853
3.556575403
3.586241405
3.616509751
3.647374287
3.678853213
3.710952746
3.743691539
3.777076163
3.811113288
3.845828451
3.880927190
3.916185367
3.951590300
3.987148187
4.022858943
4.058716058
4.094732268
4.130894608
4.167215930
4.203683155
4.240302680
4.277074421
4.313991666
4.351067552
4.388288716
4.425661697
4.463186411
4.500862771
4.538690693
4.576663269
4.614794030
4.653069219
4.691495572
4.730066069
4.768794468
4.807666784
4.846689868
4.885863634
4.925187999
4.964655771
5.004273914
5.044042343
5.083960975
5.124029723
5.164241256
5.204602679
5.245113909
5.285767527
5.326578085
5.367530806
5.408632938
5.449876949
5.491270146
5.532812442
5.574503753
5.616343995
5.658325496
5.700455702
5.742734528
5.785154220
5.827722306
5.870438702
5.913295569
5.956300522
5.999453474
6.042754343
6.086195176
6.129783700
6.173519831
6.217395531
6.261418614
6.305588994
6.349898550
6.394355180
6.438958798
6.483701199
6.528590364
6.573626209
6.618800444
6.664121135
6.709588197
6.755193256
6.800944463
6.846841732
6.892876607
6.939057321
6.985375360
7.031839014
7.078448199
7.125194317
7.172085742
7.219113821
7.266295581
7.313605146
7.361068223
7.408658771
7.456402663
7.504282427
7.552306660
7.600466485
7.648770555
7.697209939
7.745793346
7.794520691
7.843382959
7.892379983
7.941520583
7.990804677
8.040232179
8.089784865
8.139489782
8.189328674
8.239301376
8.289416903
8.339675172
8.390066861
8.440591804
8.491259127
8.542068747
8.593011232
8.644095793
8.695312940
8.746671941
8.798163252
8.849796194
8.901561168
8.953458009
9.005496122
9.057675422
9.109986201
9.162437947
9.215020895
9.267734879
9.320589470
9.373584585
9.426710349
9.479966596
9.533363008
9.586889627
9.640556190
9.694352684
9.748278943
9.802344788
9.856550135
9.910884861
9.965348802
10.01995189
10.07468391
10.12955486
10.18455447
10.23968258
10.29494925
10.35034415
10.40587739
10.46153859
10.51732756
10.57325453
10.62930900
10.68549081
10.74181026
10.79826726
10.85484071
10.91155144
10.96839936
11.02537380
11.08247459
11.13970158
11.19706527
11.25455488
11.31218097
11.36993271
11.42780992
11.48581245
11.54395097
11.60222540
11.66061387
11.71913798
11.77778669
11.83657082
11.89546829
11.95451192
12.01366856
12.07296012
12.13237542
12.19191429
12.25158773
12.31138447
12.37130435
12.43134719
12.49152412
12.55182375
12.61224592
12.67280181
12.73347997
12.79428023
12.85520244
12.91625788
12.97742350
13.03873360
13.10015356
13.16169471
13.22336846
13.28516313
13.34709020
13.40912622
13.47129438
13.53358285
13.59599147
13.65852009
13.72118034
13.78396032
13.84685986
13.90987879
13.97301696
14.03628614
14.09967430
14.16318125
14.22680685
14.29055093
14.35442541
14.41841811
14.48251671
14.54675748
14.61110383
14.67556776
14.74016133
14.80485993
14.86968790
14.93463286
14.99969462
15.06488542
15.13018036
15.19559163
15.26113153
15.32678750
15.39255936
15.45844697
15.52445016
15.59056878
15.65681527
15.72316427
15.78964088
15.85621963
15.92292573
15.98974634
16.05668130
16.12373045
16.19089364
16.25817070
16.32557436
16.39307872
16.46070941
16.52844042
16.59629750
16.66425453
16.73233736
16.80053284
16.86882771
16.93724799
17.00578043
17.07442489
17.14318121
17.21204922
17.28102876
17.35011968
17.41932182
17.48863502
17.55805911
17.62759395
17.69725279
17.76700867
17.83687481
17.90685105
17.97693725
18.04713324
18.11743885
18.18785395
18.25839199
18.32902558
18.39976818
18.47061961
18.54157973
18.61264838
18.68381161
18.75509681
18.82649007
18.89799122
18.96960011
19.04130266
19.11312653
19.18505766
19.25708190
19.32921305
19.40146498
19.47380948
19.54626041
19.61881761
19.69148092
19.76425019
19.83712526
19.91010597
19.98319217
20.05636942
20.12966610
20.20305347
20.27654564
20.35014246
20.42384378
20.49764945
20.57155929
20.64557317
20.71967640
20.79388329
20.86820826
20.94262205
21.01713903
21.09174440
21.16646728
21.24129289
21.31620635
21.39122218
21.46634022
21.54156032
21.61688232
21.69229121
21.76780165
21.84341346
21.91912651
21.99494064
22.07085568
22.14685648
22.22295784
22.29915960
22.37546162
22.45184862
22.52835064
22.60493729
22.68162353
22.75839397
22.83527888
22.91224764
22.98931531
23.06648174
23.14373144
23.22109490
23.29854127
23.37607032
23.45371269
23.53143739
23.60925966
23.68717937
23.76518080
23.84329487
23.92149032
23.99976690
24.07815570
24.15662528
24.23517541
24.31383732
24.39257943
24.47141728
24.55035073
24.62936379
24.70847208
24.78767547
24.86695787
24.94633501
25.02580673
25.10537287
25.18501728
25.26473973
25.34457210
25.42448216
25.50448578
25.58456669
25.66474080
25.74500797
25.82535185
25.90580466
25.98631756
26.06692281
26.14762026
26.22840977
26.30927481
26.39023156
26.47126344
26.55238666
26.63360109
26.71489007
26.79626989
26.87774041
26.95928492
27.04091976
27.12262819
27.20442661
27.28629821
27.36825945
27.45031018
27.53243352
27.61464600
27.69693069
27.77930417
27.86174946
27.94428319
28.02690522
28.10959848
28.19237968
28.27523172
28.35817136
28.44118144
28.52427876
28.60744613
28.69070040
28.77404142
28.85745192
28.94093166
29.02449761
29.10814961
29.19187030
29.27565944
29.35953410
29.44349412
29.52752204
29.61161761
29.69579802
29.78006309
29.86439527
29.94879433
30.03327751
30.11782719
30.20246065
30.28716020
30.37194320
30.45679190
30.54172369
30.62672080
30.71180066
30.79694543
30.88215490
30.96744659
31.05282035
31.13824045
31.22376005
31.30932554
31.39497238
31.48070040
31.56649156
31.65234563
31.73828036
31.82427760
31.91033715
31.99647683
32.08269648
32.16895978
32.25530267
32.34172501
32.42820848
32.51475287
32.60137617
32.68806000
32.77480415
32.86162667
32.94850912
33.03545128
33.12247128
33.20955061
33.29670745
33.38390479
33.47119771
33.55853071
33.64594049
33.73340840
33.82095275
33.90853626
33.99621444
34.08393135
34.17172399
34.25957354
34.34747980
34.43546127
34.52349905
34.61159294
34.69976150
34.78798579
34.87626559
34.96460068
35.05300973
35.14147370
35.22999236
35.31858446
35.40723088
35.49593140
35.58468581
35.67351295
35.76239359
35.85132753
35.94031456
36.02937359
36.11848534
36.20764957
36.29686608
36.38613466
36.47547435
36.56486573
36.65430858
36.74382204
36.83336723
36.92298264
37.01264873
37.10238471
37.19215154
37.28198788
37.37187409
37.46180998
37.55179531
37.64182989
37.73193309
37.82208516
37.91226625
38.00253506
38.09283247
38.18317791
38.27359090
38.36405154
38.45455963
38.54511495
38.63571729
38.72636646
38.81708209
38.90782428
38.99863258
39.08948690
39.18038704
39.27133278
39.36232393
39.45338031
39.54446165
39.63560786
39.72677857
39.81801378
39.90929318
40.00061657
40.09198375
40.18339450
40.27484862
40.36636617
40.45790644
40.54950977
40.64113535
40.73282362
40.82455407
40.91630609
41.00812025
41.09997597
41.19187305
41.28381127
41.37579043
41.46781032
41.55987075
41.65197150
41.74411238
41.83631380
41.92853432
42.02079435
42.11309368
42.20545284
42.29783019
42.39024622
42.48270075
42.57521437
42.66774528
42.76031406
42.85294140
42.94558535
43.03826656
43.13098484
43.22376095
43.31655277
43.40938105
43.50224558
43.59514616
43.68808259
43.78105466
43.87406219
43.96710495
44.06018276
44.15329541
44.24644270
44.33960319
44.43281913
44.52604783
44.61933162
44.71262772
44.80597857
44.89934127
44.99273697
45.08616546
45.17962653
45.27312000
45.36664566
45.46018181
45.55377124
45.64737071
45.74102310
45.83468509
45.92837804
46.02210174
46.11585600
46.20964062
46.30343369
46.39727841
46.49113114
46.58501340
46.67892498
46.77286569
46.86683533
46.96083371
47.05483874
47.14887207
47.24293350
47.33702283
47.43113986
47.52528441
47.61943426
47.71361119
47.80781500
47.90204549
47.99630246
48.09056361
48.18485082
48.27916389
48.37350261
48.46786681
48.56223406
48.65664859
48.75104347
48.84548524
48.93995147
49.03441962
49.12891180
49.22342781
49.31796746
49.41250813
49.50707201
49.60165890
49.69624613
49.79087845
49.88551068
49.98016511
50.07481898
50.16949462
50.26419185
50.35891047
50.45365028
50.54838843
50.64314735
50.73790414
50.83268127
50.92747856
51.02229582
51.11711005
51.21196665
51.30679696
51.40166925
51.49653763
51.59142475
51.68630749
51.78120855
51.87612775
51.97106488
52.06599675
52.16094615
52.25588982
52.35085059
52.44582828
52.54079957
52.63578736
52.73079146
52.82578849
52.92080142
53.01583005
53.11085095
53.20588714
53.30091514
53.39598131
53.49101556
53.58606427
53.68112725
53.77620431
53.87127185
53.96635307
54.06142432
54.15650883
54.25158292
54.34666985
54.44176945
54.53685796
54.63195872
54.72704796
54.82214903
54.91726176
55.01236230
55.10745040
55.20254953
55.29765950
55.39275638
55.48786368
55.58295746
55.67806126
55.77315107
55.86825050
55.96335936
56.05845359
56.15353295
56.24862112
56.34369396
56.43877520
56.53386466
56.62893816
56.72399545
56.81906034
56.91413263
57.00918808
57.10422643
57.19927157
57.29432332
57.38933318
57.48437339
57.57939542
57.67439905
57.76940826
57.86439862
57.95936989
58.05437043
58.14932716
58.24428847
58.33925417
58.43417533
58.52912484
58.62402934
58.71896184
58.81384885
58.90873903
59.00363219
59.09847914
59.19335318
59.28818053
59.38301003
59.47784153
59.57265022
59.66743588
59.76222291
59.85698647
59.95172633
60.04646696
60.14118346
60.23587558
60.33056788
60.42526018
60.51990267
60.61454473
60.70918619
60.80377712
60.89836702
60.99295572
61.08749318
61.18205396
61.27656304
61.37107010
61.46554997
61.56000242
61.65445225
61.74887423
61.84326814
61.93765884
62.03202104
62.12635452
62.22068419
62.31498472
62.40925587
62.50349742
62.59773437
62.69194130
62.78614324
62.88028946
62.97443028
63.06854021
63.16264436
63.25669183
63.35073312
63.44476805
63.53874560
63.63271638
63.72665476
63.82056050
63.91445890
64.00829874
64.10213081
64.19592939
64.28971983
64.38345078
64.47717318
64.57086124
64.66454037
64.75815908
64.85176845
64.94534263
65.03888138
65.13238449
65.22587749
65.31930866
65.41272931
65.50611347
65.59948675
65.69279728
65.78609652
65.87933253
65.97255686
66.06574340
66.15891789
66.25202823
66.34512612
66.43815939
66.53117980
66.62416115
66.71712929
66.81003189
66.90289479
66.99574387
67.08855283
67.18129534
67.27402342
67.36671074
67.45938329
67.55198847
67.64455225
67.73710065
67.82958098
67.92204555
68.01446789
68.10684778
68.19918502
68.29147938
68.38373066
68.47593863
68.56812950
68.66025025
68.75232707
68.84438619
68.93637450
69.02834474
69.12027022
69.21212421
69.30395953
69.39574947
69.48749381
69.57919234
69.67084485
69.76245113
69.85401097
69.94552416
70.03699049
70.12840976
70.21978175
70.31110625
70.40238306
70.49361197
70.58479277
70.67592525
70.76700920
70.85804442
70.94903070
71.03996784
71.13085562
71.22169384
71.31248230
71.40322078
71.49390909
71.58454702
71.67513436
71.76567091
71.85612942
71.94656376
72.03694668
72.12725092
72.21753041
72.30773076
72.39790600
72.48800167
72.57804467
72.66803482
72.75797190
72.84785572
72.93768607
73.02746276
73.11718558
73.20682704
73.29644150
73.38597417
73.47547948
73.56490256
73.65427054
73.74358321
73.83284039
73.92204186
74.01116000
74.10024946
74.18925516
74.27820433
74.36709678
74.45593231
74.54471071
74.63343181
74.72206782
74.81064610
74.89916643
74.98762864
75.07603252
75.16437787
75.25263684
75.34086455
75.42900545
