0.08907607943
0.08907607943
0.08907607943
0.08907607943
0.08907607943
0.08907607943
0.08907607943
0.08907607943
0.08907607943
0.08907607943
0.08907607943
0.08907607943
0.08907607943
0.08907607943
0.08907607943
0.08907607943
0.08907607943
0.08907607943
0.08907607943
0.08907607943
0.08907607943
0.08907607943
0.08907607943
0.08907607943
0.08907607943
0.08907607943
0.08907607943
0.08907607943
0.08907607943
0.08907607943
0.08907607943
0.08907607943
0.08907607943
0.08907607943
0.08907607943
0.08907607943
0.08907607943
0.08907607943
0.08907607943
0.08907607943
0.08907607943
0.08907607943
0.08907607943
0.08907607943
0.08907607943
0.08907607943
0.08907607943
0.08907607943
0.08907607943
0.08907607943
0.08907607943
0.08907607943
0.08907607943
0.08907607943
0.08907607943
0.08907607943
0.08907607943
0.08907607943
0.08907607943
0.08907607943
0.08907607943
0.08907607943
0.08907607943
0.08907607943
0.08907607943
0.08907607943
0.08907607943
0.08907607943
0.08907607943
0.08907607943
0.08907607943
0.08907607943
0.08907607943
0.08907607943
0.08907607943
0.08907607943
0.08907607943
0.08907607943
0.08907607943
0.08907607943
0.08907607943
0.08907607943
0.08907607943
0.08907607943
0.08907607943
0.08907607943
0.08907607943
0.08907607943
0.08907607943
0.08907607943
0.08907607943
0.08907607943
0.08907607943
0.08907607943
0.08907607943
0.08907607943
0.08907607943
0.08907607943
0.08907607943
0.08907607943
0.08907607943
0.08907607943
0.08907607943
0.08907607943
0.08907607943
0.08907607943
0.08907607943
0.08907607943
0.08907607943
0.08907607943
0.08907607943
0.08907607943
0.08907607943
0.08907607943
0.08907607943
0.08907607943
0.08907607943
0.08907607943
0.08907607943
0.08907607943
0.08907607943
0.08907607943
0.08907607943
0.08907607943
0.08907607943
0.08907607943
0.08907607943
0.08907607943
0.08907607943
0.08907607943
0.08907607943
0.08907607943
0.08907607943
0.08907607943
0.08907607943
0.08907607943
0.08907607943
0.08907607943
0.08907607943
0.08907607943
0.08907607943
0.08907607943
0.08907607943
0.08907607943
0.08907607943
0.08907607943
0.08907607943
0.08907607943
0.08907607943
0.08907607943
0.08907607943
0.08907607943
0.08907607943
0.08907607943
0.08907607943
0.08907607943
0.08907607943
0.08907607943
0.08907607943
0.08907607943
0.08907607943
0.08907607943
0.08907607943
0.08907607943
0.08907607943
0.08907607943
0.08907607943
0.08907607943
0.08907607943
0.08907607943
0.08907607943
0.08907607943
0.08907607943
0.08907607943
0.08907607943
0.08907607943
0.08907607943
0.08907607943
0.08907607943
0.08907607943
0.08907607943
0.08907607943
0.08907607943
0.08907607943
0.08907607943
0.08907607943
0.08907607943
0.08907607943
0.08907607943
0.08907607943
0.08907607943
0.08907607943
0.08907607943
0.08907607943
0.08907607943
0.08907607943
0.08907607943
0.08907607943
0.08907607943
0.08907607943
0.08907607943
0.08907607943
0.08907607943
0.08907607943
0.08907607943
0.08907607943
0.08907607943
0.08907607943
0.08907607943
0.08907607943
0.08907607943
0.08907607943
0.08907607943
0.08907607943
0.08907607943
0.08907607943
0.08907607943
0.08907607943
0.08907607943
0.08907607943
0.08907607943
0.08907607943
0.08907607943
0.08907607943
0.08907607943
0.08907607943
0.08907607943
0.08907607943
0.08907607943
0.08907607943
0.08907607943
0.08907607943
0.08907607943
0.08907607943
0.08907607943
0.08907607943
0.08907607943
0.08907607943
0.08907607943
0.08907607943
0.08907607943
0.08907607943
0.08907607943
0.08907607943
0.08907607943
0.08907607943
0.08907607943
0.08907607943
0.08907607943
0.08907607943
0.08907607943
0.08907607943
0.08907607943
0.08907607943
0.08907607943
0.08907607943
0.08907607943
0.08907607943
0.08907607943
0.08907607943
0.08907607943
0.08907607943
0.08907607943
0.08907607943
0.08907607943
0.08907607943
0.08907607943
0.08907607943
0.08907607943
0.08907607943
0.08907607943
0.08907607943
0.08907607943
0.08907607943
0.08907607943
0.08907607943
0.08907607943
0.08907607943
0.08907607943
0.08907607943
0.08907607943
0.08907607943
0.08907607943
0.08907607943
0.08907607943
0.08908160776
0.08910099417
0.08913447708
0.08918205649
0.08924379200
0.08931990713
0.08941049129
0.08951566368
0.08963579684
0.08977096528
0.08992155641
0.09008776397
0.09027007967
0.09046884626
0.09068454057
0.09091753513
0.09116847068
0.09143792838
0.09172651917
0.09203509241
0.09236430377
0.09271515161
0.09308867902
0.09348586947
0.09390798956
0.09435645491
0.09483269602
0.09533850104
0.09587586671
0.09644680470
0.09705381840
0.09769979864
0.09838796407
0.09912199527
0.09990633279
0.1007459834
0.1016443446
0.1025673822
0.1035031304
0.1044520065
0.1054141447
0.1063898131
0.1073791757
0.1083826944
0.1094005480
0.1104329154
0.1114802584
0.1125428155
0.1136207506
0.1147145852
0.1158245429
0.1169508323
0.1180940196
0.1192543283
0.1204319969
0.1216276065
0.1228414252
0.1240738407
0.1253251061
0.1265958920
0.1278864518
0.1291971281
0.1305285767
0.1318811402
0.1332551464
0.1346513256
0.1360700354
0.1375116482
0.1389769539
0.1404663399
0.1419802383
0.1435194835
0.1450845078
0.1466759220
0.1482941881
0.1499402598
0.1516146436
0.1533178315
0.1550508663
0.1568143144
0.1586087421
0.1604352668
0.1622944996
0.1641870961
0.1661142781
0.1680767164
0.1700751409
0.1721108779
0.1741847023
0.1762976423
0.1784505025
0.1806448027
0.1828814372
0.1851613596
0.1874861941
0.1898569986
0.1922748163
0.1947414652
0.1972581074
0.1998259500
0.2024470046
0.2051225826
0.2078540698
0.2106437013
0.2134929672
0.2164037302
0.2193776295
0.2224172577
0.2255244181
0.2287010327
0.2319499627
0.2352733389
0.2386733368
0.2421532348
0.2457154766
0.2493626252
0.2530983910
0.2569256499
0.2608473822
0.2648678645
0.2689904496
0.2732191011
0.2775575295
0.2820109501
0.2865836099
0.2912799791
0.2961061522
0.3010672256
0.3061686233
0.3114175573
0.3168202564
0.3223833367
0.3281154856
0.3340243772
0.3401182517
0.3463904038
0.3527208492
0.3590852395
0.3654844090
0.3719203100
0.3783932701
0.3849046752
0.3914548382
0.3980450854
0.4046763554
0.4113483056
0.4180632159
0.4248204306
0.4316202775
0.4384650961
0.4453539327
0.4522878304
0.4592671022
0.4662911817
0.4733628407
0.4804797992
0.4876452759
0.4948572442
0.5021171048
0.5094240978
0.5167800710
0.5241845474
0.5316371545
0.5391403362
0.5466912314
0.5542926416
0.5619432703
0.5696432963
0.5773947164
0.5851964876
0.5930475071
0.6009503081
0.6089021936
0.6169060394
0.6249612197
0.6330671236
0.6412252709
0.6494330987
0.6576923206
0.6660051122
0.6743690148
0.6827838942
0.6912497506
0.6997694299
0.7083405629
0.7169635072
0.7256356403
0.7343639061
0.7431428060
0.7519731447
0.7608560249
0.7697928771
0.7787813619
0.7878187820
0.7969112918
0.8060567752
0.8152579591
0.8245072290
0.8338070139
0.8431606516
0.8525726125
0.8620341644
0.8715418801
0.8811087087
0.8907242492
0.9003950730
0.9101192430
0.9198941663
0.9297159687
0.9395966753
0.9495370016
0.9595113024
0.9695703164
0.9796472117
0.9898528531
0.9999999925
0.9919914231
0.9840869978
0.9761679098
0.9683056846
0.9604298398
0.9526347592
0.9448403046
0.9370943382
0.9293922409
0.9217038080
0.9140601978
0.9064477459
0.8988572285
0.8913113251
0.8837993965
0.8763221279
0.8688722029
0.8614588752
0.8540823981
0.8467364535
0.8394285217
0.8321528509
0.8249104246
0.8177021220
0.8105286583
0.8033907190
0.7962888852
0.7892191783
0.7821826264
0.7751842365
0.7682203576
0.7612879053
0.7543916479
0.7475321367
0.7407064810
0.7339188084
0.7271631137
0.7204434946
0.7137575671
0.7071090862
0.7004956976
0.6939153895
0.6873717234
0.6808652505
0.6743940040
0.6679562703
0.6615552530
0.6551892385
0.6488589421
0.6425650343
0.6363059953
0.6300825849
0.6238934472
0.6177432761
0.6116267815
0.6055447683
0.5994997993
0.5934906825
0.5875180587
0.5815791860
0.5756781325
0.5698106214
0.5639790073
0.5581839308
0.5524244979
0.5466999188
0.5410123095
0.5353580788
0.5297407284
0.5241581872
0.5186124220
0.5131002441
0.5076248571
0.5021832213
0.4967784509
0.4914076403
0.4860726371
0.4807729498
0.4755070880
0.4702778682
0.4650817141
0.4599214420
0.4547956511
0.4497050270
0.4446483031
0.4396262094
0.4346393719
0.4296857640
0.4248075113
0.4200329855
0.4153600857
0.4107843116
0.4063022509
0.4019114450
0.3976072595
0.3933883086
0.3892503306
0.3851921782
0.3812106177
0.3773032650
0.3734685257
0.3697028533
0.3660055622
0.3623739704
0.3588062152
0.3553004637
0.3518549874
0.3484687582
0.3451389298
0.3418651894
0.3386454806
0.3354789391
0.3323630765
0.3292976990
0.3262810186
0.3233117834
0.3203888610
0.3175116256
0.3146784827
0.3118883595
0.3091402724
0.3064332232
0.3037667647
0.3011394814
0.2985504940
0.2959994152
0.2934845015
0.2910058573
0.2885622308
0.2861533388
0.2837779894
0.2814354822
0.2791251317
0.2768462822
0.2745986804
0.2723812982
0.2701935247
0.2680351511
0.2659052089
0.2638031468
0.2617288008
0.2596812472
0.2576599792
0.2556644902
0.2536946759
0.2517496571
0.2498290166
0.2479326203
0.2460596934
0.2442098185
0.2423828766
0.2405781671
0.2387952581
0.2370341197
0.2352940217
0.2335746065
0.2318758294
0.2301970348
0.2285378650
0.2268982902
0.2252776846
0.2236757204
0.2220923975
0.2205271050
0.2189798132
0.2174499854
0.2159373090
0.2144417688
0.2129628584
0.2115005478
0.2100540474
0.2086238936
0.2072090581
0.2058100775
0.2044259235
0.2030568644
0.2017024532
0.2003626898
0.1990370974
0.1977257207
0.1964280978
0.1951440200
0.1938735321
0.1926164255
0.1913722530
0.1901408657
0.1889220402
0.1877160594
0.1865220591
0.1853403226
0.1841706559
0.1830126867
0.1818662509
0.1807313785
0.1796079203
0.1784955040
0.1773939803
0.1763034090
0.1752234176
0.1741540655
0.1730950251
0.1720463261
0.1710076705
0.1699790731
0.1689604297
0.1679513976
0.1669518575
0.1659618840
0.1649811342
0.1640096977
0.1630474404
0.1620940641
0.1611494496
0.1602136567
0.1592865959
0.1583679542
0.1574578062
0.1565558687
0.1556622162
0.1547767296
0.1538991556
0.1530293897
0.1521675065
0.1513133720
0.1504667774
0.1496277526
0.1487960741
0.1479717717
0.1471548006
0.1463448778
0.1455420926
0.1447462067
0.1439572796
0.1431752369
0.1423998401
0.1416311488
0.1408691034
0.1401134655
0.1393641755
0.1386214271
0.1378848627
0.1371544227
0.1364301667
0.1357120201
0.1349999085
0.1342936531
0.1335932836
0.1328986213
0.1322097406
0.1315265670
0.1308490261
0.1301769242
0.1295102313
0.1288491115
0.1281932518
0.1275427267
0.1268973574
0.1262573227
0.1256222054
0.1249923036
0.1243673339
0.1237473562
0.1231323257
0.1225220487
0.1219165996
0.1213159338
0.1207199916
0.1201286092
0.1195418611
0.1189596877
0.1183819398
0.1178086624
0.1172398254
0.1166753694
0.1161151603
0.1155593321
0.1150075719
0.1144601032
0.1139168069
0.1133775190
0.1128423139
0.1123110428
0.1117838696
0.1112605408
0.1107411310
0.1102256104
0.1097139046
0.1092059091
0.1087016687
0.1082011387
0.1077043042
0.1072111055
0.1067214385
0.1062353328
0.1057527736
0.1052737013
0.1047981158
0.1043258682
0.1038570181
0.1033916399
0.1029294059
0.1024705693
0.1020149961
0.1015625820
0.1011134610
0.1006674245
0.1002245471
0.09978478402
0.09934801608
0.09891439229
0.09848379344
0.09805611521
0.09763141721
0.09720965475
0.09679079801
0.09637484699
0.09596174210
0.09555140883
0.09514395148
0.09473920614
0.09433727711
0.09393801540
0.09354146570
0.09314758331
0.09275636822
0.09236777574
0.09198179096
0.09159832448
0.09121749550
0.09083912522
0.09046333283
0.09008996934
0.08971915394
0.08935070783
0.08898467571
0.08862113208
0.08825989813
0.08790101856
0.08754447848
0.08719027787
0.08683835715
0.08648871630
0.08614134043
0.08579619974
0.08545327932
0.08511254936
0.08477400988
0.08443757147
0.08410333842
0.08377122134
0.08344122022
0.08311330527
0.08278746158
0.08246365935
0.08214189857
0.08182208985
0.08150435239
0.08118859679
0.08087479323
0.08056295663
0.08025304228
0.07994510978
0.07963901013
0.07933480293
0.07903245836
0.07873197645
0.07843338698
0.07813655585
0.07784154266
0.07754837722
0.07725698501
0.07696730644
0.07667943090
0.07639328390
0.07610885054
0.07582613081
0.07554510981
0.07526575774
0.07498807460
0.07471203059
0.07443770021
0.07416491956
0.07389382273
0.07362430543
0.07335638255
0.07309002429
0.07282524556
0.07256200165
0.07230029255
0.07204014808
0.07178153843
0.07152435929
0.07126871496
0.07101456076
0.07076191157
0.07051066309
0.07026086003
0.07001253217
0.06976563483
0.06952013820
0.06927602738
0.06903331727
0.06879200786
0.06855208427
0.06831350178
0.06807627529
0.06784037501
0.06760578603
0.06737256795
0.06714066118
0.06691003591
0.06668069214
0.06645265967
0.06622586399
0.06600034982
0.06577608734
0.06555310637
0.06533130258
0.06511076540
0.06489142030
0.06467328221
0.06445638090
0.06424061209
0.06402605027
0.06381271034
0.06360047311
0.06338942796
0.06317951530
0.06297072023
0.06276310235
0.06255655736
0.06235114485
0.06214687973
0.06194365770
0.06174155325
0.06154055148
0.06134059280
0.06114172190
0.06094389409
0.06074712425
0.06055141240
0.06035672873
0.06016305834
0.05997044593
0.05977884680
0.05958823115
0.05939861387
0.05921000987
0.05902241915
0.05883576721
0.05865009874
0.05846539885
0.05828168243
0.05809890479
0.05791706592
0.05773618072
0.05755618960
0.05737719685
0.05719909817
0.05702190846
0.05684561282
0.05667024106
0.05649574846
0.05632217973
0.05614947528
0.05597763509
0.05580668896
0.05563660711
0.05546735972
0.05529899150
0.05513145775
0.05496478826
0.05479895324
0.05463396758
0.05446978658
0.05430642515
0.05414388329
0.05398214608
0.05382124335
0.05366111547
0.05350180715
0.05334325880
0.05318550020
0.05302853137
0.05287230760
0.05271688849
0.05256221443
0.05240831524
0.05225516111
0.05210276693
0.05195110291
0.05180016905
0.05164998025
0.05150053650
0.05135180801
0.05120379478
0.05105649680
0.05090992898
0.05076406151
0.05061887950
0.05047439784
0.05033064634
0.05018755049
0.05004512519
0.04990340024
0.04976237565
0.04962199181
0.04948229343
0.04934323579
0.04920486361
0.04906713217
0.04893005639
0.04879362136
0.04865782708
0.04852267355
0.04838816077
0.04825428873
0.04812102765
0.04798837751
0.04785638303
0.04772496969
0.04759419709
0.04746402055
0.04733442515
0.04720545560
0.04707708210
0.04694928974
0.04682210833
0.04669550806
0.04656948894
0.04644402117
0.04631916434
0.04619487375
0.04607113451
0.04594796151
0.04582536966
0.04570331424
0.04558182508
0.04546090215
0.04534050077
0.04522066563
0.04510136694
0.04498260468
0.04486437887
0.04474667460
0.04462952167
0.04451287538
0.04439676553
0.04428116232
0.04416609555
0.04405150563
0.04393748194
0.04382390529
0.04371087998
0.04359833151
0.04348628968
0.04337475449
0.04326369613
0.04315312952
0.04304305464
0.04293345660
0.04282435030
0.04271572083
0.04260758311
0.04249989241
0.04239267856
0.04228594154
0.04217965156
0.04207383841
0.04196848720
0.04186359793
0.04175915569
0.04165516049
0.04155162722
0.04144854099
0.04134588689
0.04124366492
0.04114190489
0.04104059190
0.04093969613
0.04083923250
0.04073920101
0.04063960165
0.04054041952
0.04044166952
0.04034332186
0.04024540633
0.04014789313
0.04005081207
0.03995413333
0.03985785693
0.03976199776
0.03966654092
0.03957148641
0.03947681934
0.03938255459
0.03928870708
0.03919521719
0.03910214454
0.03900945932
0.03891716152
0.03882523626
0.03873369843
0.03864253312
0.03855177015
0.03846136481
0.03837133199
0.03828168660
0.03819239885
0.03810348362
0.03801494092
0.03792675585
0.03783892840
0.03775145859
0.03766436130
0.03757760674
0.03749123961
0.03740518540
0.03731950372
0.03723416477
0.03714916855
0.03706452996
0.03698023409
0.03689626604
0.03681265563
0.03672935814
0.03664641827
0.03656380624
0.03648152202
0.03639959544
0.03631796688
0.03623668104
0.03615572304
0.03607507795
0.03599476069
0.03591477126
0.03583509475
0.03575574607
0.03567669541
0.03559795767
0.03551954776
0.03544145077
0.03536366671
0.03528616577
0.03520899266
0.03513211757
0.03505555540
0.03497927636
0.03490331024
0.03482764214
0.03475225717
0.03467718512
0.03460241109
0.03452792019
0.03445371240
0.03437980264
0.03430617601
0.03423284739
0.03415980190
0.03408703953
0.03401456028
0.03394234926
0.03387043625
0.03379877657
0.03372741491
0.03365632147
0.03358551115
0.03351495415
0.03344469517
0.03337468952
0.03330495209
0.03323548287
0.03316628188
0.03309734911
0.03302868456
0.03296027333
0.03289211541
0.03282422572
0.03275660425
0.03268922120
0.03262210637
0.03255524486
0.03248863667
0.03242228180
0.03235616535
0.03229030222
0.03222469240
0.03215933591
0.03209421784
0.03202935308
0.03196472675
0.03190033883
0.03183620423
0.03177229315
0.03170862049
0.03164520115
0.03158202022
0.03151906282
0.03145634383
0.03139384836
0.03133159131
0.03126957268
0.03120779246
0.03114622086
0.03108488768
0.03102377802
0.03096290678
0.03090224415
0.03084181994
0.03078160435
0.03072159737
0.03066184372
0.03060228378
0.03054296225
0.03048384935
0.03042494506
0.03036626428
0.03030779213
0.03024954349
0.03019148856
0.03013367206
0.03007604927
0.03001863509
0.02996144444
0.02990443259
0.02984764427
0.02979106456
0.02973469347
0.02967853099
0.02962256223
0.02956678718
0.02951120585
0.02945584804
0.02940066904
0.02934571356
0.02929093689
0.02923636883
0.02918197960
0.02912779897
0.02907379717
0.02902000397
0.02896638960
0.02891298383
0.02885975689
0.02880672365
0.02875386924
0.02870120853
0.02864874154
0.02859645337
0.02854434401
0.02849244326
0.02844070643
0.02838914841
0.02833778411
0.02828659862
0.02823559195
0.02818476409
0.02813411504
0.02808364481
0.02803335339
0.02798324078
0.02793330699
0.02788352221
0.02783394605
0.02778453380
0.02773528546
0.02768620104
0.02763729542
0.02758856863
0.02754000574
0.02749160677
0.02744338661
0.02739533037
0.02734743804
0.02729970962
0.02725214511
0.02720475942
0.02715752274
0.02711044997
0.02706354111
0.02701681107
0.02697023004
0.02692379802
0.02687754482
0.02683144063
0.02678548545
0.02673970908
0.02669408172
0.02664860338
0.02660327405
0.02655810863
0.02651310712
0.02646823972
0.02642355114
0.02637899667
0.02633459121
0.02629034966
0.02624625713
0.02620229870
0.02615850419
0.02611485869
0.02607134730
0.02602799982
0.02598478645
0.02594173700
0.02589880675
0.02585604042
0.02581340820
0.02577092499
0.02572859079
0.02568640560
0.02564433962
0.02560242265
0.02556065470
0.02551900595
0.02547752112
0.02543617040
0.02539495379
0.02535387129
0.02531293780
0.02527213842
0.02523145825
0.02519092709
0.02515053004
0.02511026710
0.02507013828
0.02503014356
0.02499028295
0.02495055646
0.02491094917
0.02487149090
0.02483215183
0.02479294688
0.02475387603
0.02471493930
0.02467610687
0.02463742346
0.02459885925
0.02456042916
0.02452211827
0.02448394150
0.02444588393
0.02440794557
0.02437014133
0.02433245629
0.02429490536
0.02425745875
0.02422014624
0.02418296784
0.02414589375
0.02410893887
0.02407211810
0.02403541654
0.02399881929
0.02396235615
0.02392601222
0.02388977259
0.02385366708
0.02381768078
0.02378179878
0.02374603599
0.02371039242
0.02367486805
0.02363944799
0.02360416204
0.02356896549
0.02353390306
0.02349894494
0.02346409112
0.02342937142
0.02339474112
0.02336024493
0.02332583815
0.02329155058
0.02325738221
0.02322331816
0.02318937331
0.02315551788
0.02312178165
0.02308814973
0.02305463701
0.02302121371
0.02298790962
0.02295470983
0.02292161435
0.02288863808
0.02285575122
0.02282296866
0.02279030532
0.02275774628
0.02272527665
0.02269291133
0.02266066521
0.02262850851
0.02259645611
0.02256450802
0.02253266424
0.02250090986
0.02246927470
0.02243772894
0.02240628749
0.02237493545
0.02234370261
0.02231254429
0.02228150517
0.02225055546
0.02221969515
0.02218893915
0.02215830237
0.02212774009
0.02209726721
0.02206689864
0.02203663439
0.02200645953
0.02197637409
0.02194639295
0.02191650122
0.02188671380
0.02185700089
0.02182739228
0.02179787308
0.02176845819
0.02173913270
0.02170988172
0.02168073505
0.02165169269
0.02162272483
0.02159384638
0.02156507224
0.02153637260
0.02150777727
0.02147925645
0.02145083994
0.02142249793
0.02139424533
0.02136608213
0.02133802325
0.02131003886
0.02128214389
0.02125433832
0.02122660726
0.02119898051
0.02117142826
0.02114396542
0.02111659199
0.02108929306
0.02106208354
0.02103496343
0.02100793272
0.02098097652
0.02095409483
0.02092731744
0.02090061456
0.02087398618
0.02084744722
0.02082098275
0.02079460770
0.02076832205
0.02074211091
0.02071597427
0.02068992704
0.02066395432
0.02063807100
0.02061226219
0.02058652788
0.02056088299
0.02053531259
0.02050981671
0.02048441023
0.02045907825
0.02043382078
0.02040863782
0.02038354427
0.02035851032
0.02033358067
0.02030871063
0.02028391510
0.02025919408
0.02023456246
0.02020999044
0.02018550783
0.02016108483
0.02013675123
0.02011249214
0.02008830756
0.02006419748
0.02004014701
0.02001618594
0.01999229938
0.01996847242
0.01994471997
0.01992105693
0.01989745349
0.01987392455
0.01985047013
0.01982709020
0.01980376989
0.01978053898
0.01975736767
0.01973427087
