4.150598973
4.150598973
4.150598973
4.150598973
4.150598973
4.150598973
4.150598973
4.150598973
4.150598973
4.150598973
4.150598973
4.150598973
4.150598973
4.150598973
4.150598973
4.150598973
4.150598973
4.150598973
4.150598973
4.150598973
4.150598973
4.150598973
4.150598973
4.150598973
4.150598973
4.150598973
4.150598973
4.150598973
4.150598973
4.150598973
4.150598973
4.150598973
4.150598973
4.150598973
4.150598973
4.150598973
4.150598973
4.150598973
4.150598973
4.150598973
4.150598973
4.150598973
4.150598973
4.150598973
4.150598973
4.150598973
4.150598973
4.150598973
4.150598973
4.150598973
4.150598973
4.150598973
4.150598973
4.150598973
4.150598973
4.150598973
4.150598973
4.150598973
4.150598973
4.150598973
4.150598973
4.150598973
4.150598973
4.150598973
4.150598973
4.150598973
4.150598973
4.150598973
4.150598973
4.150598973
4.150598973
4.150598973
4.150598973
4.150598973
4.150598973
4.150598973
4.150598973
4.150598973
4.150598973
4.150598973
4.150598973
4.150598973
4.150598973
4.150598973
4.150598973
4.150598973
4.150598973
4.150598973
4.150598973
4.150598973
4.150598973
4.150598973
4.150598973
4.150598973
4.150598973
4.150598973
4.150598973
4.150598973
4.150598973
4.150598973
4.150598973
4.150598973
4.150598973
4.150598973
4.150598973
4.150598973
4.150598973
4.150598973
4.150598973
4.150598973
4.150598973
4.150598973
4.150598973
4.150598973
4.150598973
4.150598973
4.150598973
4.150598973
4.150598973
4.150598973
4.150598973
4.150598973
4.150598973
4.150598973
4.150598973
4.150598973
4.150598973
4.150598973
4.150598973
4.150598973
4.150598973
4.150598973
4.150598973
4.150598973
4.150598973
4.150598973
4.150598973
4.150598973
4.150598973
4.150598973
4.150598973
4.150598973
4.150598973
4.150598973
4.150598973
4.150598973
4.150598973
4.150598973
4.150598973
4.150598973
4.150598973
4.150598973
4.150598973
4.150598973
4.150598973
4.150598973
4.150598973
4.150598973
4.150598973
4.150598973
4.150598973
4.150598973
4.150598973
4.150598973
4.150598973
4.150598973
4.150598973
4.150598973
4.150598973
4.150598973
4.150598973
4.150598973
4.150598973
4.150598973
4.150598973
4.150598973
4.150598973
4.150598973
4.150598973
4.150598973
4.150598973
4.150598973
4.150598973
4.150598973
4.150598973
4.150598973
4.150598973
4.150598973
4.150598973
4.150598973
4.150598973
4.150598973
4.150598973
4.150598973
4.150598973
4.150598973
4.150598973
4.150598973
4.150598973
4.150598973
4.150598973
4.150598973
4.150598973
4.150598973
4.150598973
4.150598973
4.150598973
4.150598973
4.150598973
4.150598973
4.150598973
4.150598973
4.150598973
4.150598973
4.150598973
4.150598973
4.150598973
4.150598973
4.150598973
4.150598973
4.150598973
4.150598973
4.150598973
4.150598973
4.150598973
4.150598973
4.150598973
4.150598973
4.150598973
4.150598973
4.150598973
4.150598973
4.150598973
4.150598973
4.150598973
4.150598973
4.150598973
4.150598973
4.150598973
4.150598973
4.150598973
4.150598973
4.150598973
4.150598973
4.150598973
4.150598973
4.150598973
4.150598973
4.150598973
4.150598973
4.150598973
4.150598973
4.150598973
4.150598973
4.150598973
4.150598973
4.150598973
4.150598973
4.150598973
4.150598973
4.150598973
4.150598973
4.150598973
4.150598973
4.150598973
4.150598973
4.150598973
4.150598973
4.150598973
4.150598973
4.150598973
4.150598973
4.150598973
4.150598973
4.150598973
4.150598973
4.150598973
4.150598973
4.150598973
4.150598973
4.150598973
4.150598973
4.150598973
4.150598973
4.150598973
4.150596931
4.150589771
4.150577400
4.150559814
4.150536982
4.150508810
4.150475252
4.150436247
4.150391638
4.150341375
4.150285289
4.150223279
4.150155128
4.150080673
4.149999694
4.149912006
4.149817316
4.149715349
4.149605812
4.149488313
4.149362526
4.149227982
4.149084186
4.148930654
4.148766778
4.148591873
4.148405235
4.148205993
4.147993172
4.147765760
4.147522516
4.147262001
4.146982595
4.146682434
4.146359267
4.146010523
4.145634205
4.145244118
4.144845109
4.144436853
4.144019141
4.143591700
4.143154299
4.142706564
4.142248245
4.141779083
4.141298683
4.140806746
4.140303001
4.139786998
4.139258423
4.138716959
4.138162109
4.137593530
4.137010865
4.136413577
4.135801273
4.135173489
4.134529821
4.133869635
4.133192503
4.132497936
4.131785268
4.131053983
4.130303560
4.129533245
4.128742469
4.127930642
4.127096921
4.126240671
4.125361216
4.124457623
4.123529177
4.122575032
4.121594413
4.120586223
4.119549609
4.118483705
4.117387274
4.116259348
4.115098932
4.113904645
4.112675398
4.111410045
4.110107023
4.108765099
4.107382967
4.105958866
4.104491369
4.102978830
4.101419715
4.099811924
4.098153751
4.096443399
4.094678508
4.092857077
4.090977060
4.089035736
4.087030821
4.084959925
4.082819928
4.080608183
4.078321906
4.075957497
4.073511882
4.070981562
4.068363124
4.065652191
4.062844950
4.059937359
4.056924366
4.053801432
4.050563826
4.047205590
4.043721372
4.040105522
4.036351038
4.032451515
4.028400221
4.024188826
4.019809670
4.015254168
4.010513695
4.005577645
4.000436097
3.995078513
3.989492078
3.983664655
3.977583261
3.971232250
3.964596563
3.957660083
3.950403433
3.942807754
3.934852708
3.926537125
3.918013977
3.909314422
3.900436466
3.891376506
3.882133167
3.872703548
3.863086276
3.853278484
3.843277844
3.833083977
3.822692505
3.812103557
3.801315807
3.790324714
3.779131006
3.767732246
3.756127209
3.744316203
3.732293945
3.720063744
3.707619557
3.694964433
3.682095542
3.669013922
3.655716009
3.642202458
3.628473851
3.614525621
3.600363125
3.585981238
3.571382597
3.556567167
3.541531457
3.526277914
3.510809270
3.495121173
3.479219723
3.463100011
3.446764197
3.430214547
3.413449075
3.396474290
3.379288013
3.361887115
3.344278255
3.326463384
3.308444279
3.290216722
3.271787721
3.253158592
3.234337223
3.215310815
3.196093711
3.176686681
3.157089916
3.137302950
3.117333770
3.097191339
3.076864976
3.056362509
3.035681028
3.014840993
2.993840417
2.972675297
2.951339102
2.929855335
2.908235647
2.886454499
2.864539557
2.842479933
2.820284205
2.797962547
2.775528142
2.752957931
2.730254765
2.707481757
2.684527717
2.661549831
2.638300204
2.615210090
2.633431501
2.651432521
2.669481329
2.687412690
2.705385129
2.723181022
2.740981077
2.758673820
2.776267627
2.793829362
2.811285750
2.828665930
2.845988903
2.863200898
2.880324229
2.897355397
2.914309146
2.931162535
2.947913174
2.964573612
2.981125130
2.997579047
3.013931446
3.030178696
3.046317589
3.062345037
3.078258240
3.094064636
3.109760469
3.125333200
3.140789639
3.156135304
3.171358367
3.186456431
3.201434703
3.216283026
3.231013461
3.245616023
3.260094905
3.274441045
3.288658658
3.302751191
3.316710206
3.330533811
3.344225496
3.357788194
3.371214525
3.384507518
3.397665145
3.410685539
3.423571402
3.436320761
3.448936016
3.461407317
3.473745140
3.485947583
3.498009317
3.509932600
3.521716069
3.533365048
3.544871534
3.556243876
3.567477527
3.578571358
3.589527220
3.600346760
3.611026184
3.621572449
3.631979270
3.642250792
3.652383735
3.662384277
3.672246985
3.681977753
3.691571460
3.701033748
3.710361856
3.719557190
3.728622875
3.737554655
3.746359241
3.755032476
3.763577384
3.771993503
3.780283619
3.788447240
3.796484106
3.804398231
3.812123928
3.819619363
3.826891476
3.833950766
3.840805819
3.847463587
3.853934135
3.860222454
3.866337681
3.872284179
3.878069260
3.883698841
3.889177587
3.894512826
3.899707699
3.904768074
3.909698553
3.914503598
3.919187433
3.923753255
3.928206621
3.932549606
3.936786545
3.940920122
3.944955071
3.948893073
3.952737814
3.956492221
3.960159014
3.963740227
3.967239051
3.970657972
3.973999315
3.977265376
3.980457749
3.983579148
3.986631599
3.989616511
3.992536844
3.995393364
3.998188380
4.000923055
4.003599555
4.006219452
4.008784269
4.011295471
4.013754053
4.016161837
4.018520155
4.020829889
4.023092709
4.025309813
4.027481973
4.029610738
4.031697195
4.033742410
4.035747022
4.037712445
4.039639597
4.041529102
4.043382208
4.045199783
4.046982396
4.048731164
4.050446928
4.052130129
4.053781867
4.055402869
4.056993557
4.058554914
4.060087632
4.061592089
4.063069199
4.064519591
4.065943590
4.067342059
4.068715334
4.070064188
4.071389189
4.072690631
4.073969234
4.075225294
4.076459749
4.077672397
4.078864363
4.080035436
4.081186717
4.082318211
4.083430514
4.084523849
4.085598818
4.086655597
4.087694763
4.088716680
4.089721510
4.090709609
4.091681515
4.092637526
4.093577990
4.094502864
4.095412980
4.096308287
4.097189094
4.098055840
4.098908800
4.099748103
4.100574007
4.101386931
4.102187123
4.102974678
4.103749997
4.104513171
4.105264561
4.106004273
4.106732639
4.107449769
4.108155854
4.108851246
4.109536140
4.110210595
4.110874950
4.111529252
4.112173693
4.112808576
4.113434076
4.114050251
4.114657256
4.115255387
4.115844686
4.116425426
4.116997645
4.117561506
4.118117253
4.118665032
4.119204877
4.119736951
4.120261459
4.120778459
4.121288162
4.121790622
4.122285936
4.122774346
4.123255865
4.123730703
4.124198889
4.124660532
4.125115835
4.125564824
4.126007594
4.126444343
4.126875163
4.127299999
4.127719111
4.128132588
4.128540448
4.128942787
4.129339698
4.129731331
4.130117719
4.130499009
4.130875207
4.131246402
4.131612679
4.131974188
4.132330988
4.132683037
4.133030542
4.133373506
4.133712064
4.134046163
4.134376059
4.134701637
4.135023080
4.135340396
4.135653644
4.135962958
4.136268337
4.136569836
4.136867521
4.137161507
4.137451788
4.137738428
4.138021530
4.138301105
4.138577196
4.138849864
4.139119202
4.139385175
4.139647961
4.139907481
4.140163820
4.140417081
4.140667257
4.140914443
4.141158587
4.141399834
4.141638172
4.141873641
4.142106298
4.142336213
4.142563390
4.142787872
4.143009687
4.143228884
4.143445532
4.143659637
4.143871227
4.144080350
4.144287024
4.144491336
4.144693277
4.144892836
4.145090172
4.145285195
4.145477981
4.145668591
4.145856988
4.146043274
4.146227437
4.146409513
4.146589565
4.146767551
4.146943534
4.147117573
4.147289659
4.147459825
4.147628099
4.147794495
4.147959052
4.148121813
4.148282752
4.148441947
4.148599370
4.148755093
4.148909112
4.149061458
4.149212143
4.149361197
4.149508638
4.149654512
4.149798786
4.149941540
4.150082741
4.150222455
4.150360650
4.150497403
4.150632709
4.150766551
4.150899005
4.151030066
4.151159748
4.151288063
4.151415042
4.151540695
4.151665037
4.151788088
4.151909862
4.152030381
4.152149652
4.152267716
4.152384546
4.152500181
4.152614631
4.152727914
4.152840043
4.152951037
4.153060905
4.153169684
4.153277342
4.153383917
4.153489427
4.153593874
4.153697281
4.153799635
4.153900993
4.154001343
4.154100700
4.154199073
4.154296458
4.154392905
4.154488403
4.154582947
4.154676569
4.154769293
4.154861098
4.154952013
4.155042050
4.155131213
4.155219515
4.155306969
4.155393583
4.155479370
4.155564313
4.155648469
4.155731802
4.155814349
4.155896110
4.155977101
4.156057321
4.156136790
4.156215512
4.156293483
4.156370718
4.156447252
4.156523059
4.156598156
4.156672545
4.156746260
4.156819293
4.156891639
4.156963316
4.157034337
4.157104710
4.157174436
4.157243518
4.157311965
4.157379794
4.157447004
4.157513608
4.157579614
4.157645009
4.157709813
4.157774039
4.157837690
4.157900762
4.157963279
4.158025232
4.158086632
4.158147476
4.158207794
4.158267567
4.158326817
4.158385544
4.158443743
4.158501445
4.158558633
4.158615307
4.158671502
4.158727196
4.158782409
4.158837146
4.158891397
4.158945190
4.158998514
4.159051366
4.159103778
4.159155732
4.159207234
4.159258304
4.159308932
4.159359132
4.159408902
4.159458247
4.159507175
4.159555692
4.159603791
4.159651484
4.159698782
4.159745683
4.159792185
4.159838292
4.159884024
4.159929371
4.159974340
4.160018930
4.160063153
4.160107012
4.160150505
4.160193649
4.160236420
4.160278846
4.160320925
4.160362663
4.160404054
4.160445112
4.160485827
4.160526215
4.160566279
4.160606013
4.160645426
4.160684526
4.160723306
4.160761777
4.160799934
4.160837786
4.160875331
4.160912581
4.160949534
4.160986192
4.161022560
4.161058633
4.161094425
4.161129929
4.161165159
4.161200110
4.161234784
4.161269192
4.161303322
4.161337190
4.161370789
4.161404128
4.161437205
4.161470028
4.161502599
4.161534915
4.161566977
4.161598795
4.161630368
4.161661699
4.161692785
4.161723634
4.161754250
4.161784632
4.161814775
4.161844695
4.161874390
4.161903856
4.161933094
4.161962117
4.161990917
4.162019505
4.162047872
4.162076028
4.162103973
4.162131710
4.162159240
4.162186563
4.162213683
4.162240598
4.162267317
4.162293840
4.162320160
4.162346291
4.162372225
4.162397969
4.162423529
4.162448897
4.162474078
4.162499078
4.162523891
4.162548523
4.162572977
4.162597258
4.162621356
4.162645281
4.162669036
4.162692619
4.162716028
4.162739273
4.162762348
4.162785256
4.162808004
4.162830585
4.162853006
4.162875268
4.162897371
4.162919318
4.162941106
4.162962743
4.162984225
4.163005557
4.163026735
4.163047770
4.163068648
4.163089390
4.163109978
4.163130427
4.163150731
4.163170892
4.163190915
4.163210799
4.163230544
4.163250153
4.163269625
4.163288963
4.163308164
4.163327238
4.163346179
4.163364989
4.163383673
4.163402227
4.163420653
4.163438953
4.163457130
4.163475184
4.163493112
4.163510920
4.163528608
4.163546179
4.163563627
4.163580956
4.163598171
4.163615271
4.163632255
4.163649125
4.163665882
4.163682527
4.163699063
4.163715487
4.163731803
4.163748008
4.163764107
4.163780101
4.163795987
4.163811768
4.163827445
4.163843021
4.163858494
4.163873861
4.163889134
4.163904302
4.163919372
4.163934343
4.163949218
4.163963996
4.163978679
4.163993263
4.164007755
4.164022155
4.164036458
4.164050671
4.164064793
4.164078822
4.164092762
4.164106614
4.164120377
4.164134050
4.164147638
4.164161135
4.164174551
4.164187879
4.164201123
4.164214284
4.164227360
4.164240353
4.164253266
4.164266096
4.164278848
4.164291517
4.164304107
4.164316619
4.164329049
4.164341406
4.164353684
4.164365885
4.164378011
4.164390061
4.164402036
4.164413937
4.164425763
4.164437519
4.164449202
4.164460811
4.164472348
4.164483814
4.164495213
4.164506539
4.164517797
4.164528984
4.164540106
4.164551158
4.164562143
4.164573063
4.164583914
4.164594699
4.164605421
4.164616078
4.164626670
4.164637198
4.164647662
4.164658063
4.164668402
4.164678678
4.164688895
4.164699048
4.164709144
4.164719177
4.164729151
4.164739064
4.164748921
4.164758716
4.164768455
4.164778137
4.164787761
4.164797328
4.164806839
4.164816292
4.164825691
4.164835037
4.164844326
4.164853559
4.164862741
4.164871868
4.164880941
4.164889962
4.164898930
4.164907847
4.164916713
4.164925526
4.164934287
4.164942999
4.164951660
4.164960271
4.164968833
4.164977344
4.164985809
4.164994225
4.165002591
4.165010909
4.165019181
4.165027405
4.165035584
4.165043715
4.165051799
4.165059836
4.165067830
4.165075778
4.165083681
4.165091537
4.165099352
4.165107121
4.165114847
4.165122532
4.165130170
4.165137767
4.165145320
4.165152832
4.165160303
4.165167731
4.165175119
4.165182464
4.165189770
4.165197033
4.165204257
4.165211442
4.165218585
4.165225692
4.165232758
4.165239785
4.165246772
4.165253720
4.165260632
4.165267506
4.165274344
4.165281141
4.165287904
4.165294627
4.165301315
4.165307966
4.165314582
4.165321161
4.165327706
4.165334214
4.165340688
4.165347125
4.165353528
4.165359897
4.165366232
4.165372533
4.165378799
4.165385032
4.165391233
4.165397397
4.165403531
4.165409633
4.165415700
4.165421736
4.165427740
4.165433712
4.165439652
4.165445561
4.165451438
4.165457284
4.165463098
4.165468885
4.165474638
4.165480361
4.165486055
4.165491720
4.165497354
4.165502958
4.165508534
4.165514081
4.165519597
4.165525085
4.165530545
4.165535977
4.165541380
4.165546754
4.165552102
4.165557422
4.165562714
4.165567977
4.165573215
4.165578426
4.165583608
4.165588765
4.165593897
4.165598999
4.165604077
4.165609129
4.165614156
4.165619156
4.165624130
4.165629081
4.165634003
4.165638903
4.165643778
4.165648627
4.165653451
4.165658252
4.165663028
4.165667780
4.165672509
4.165677212
4.165681893
4.165686549
4.165691184
4.165695793
4.165700381
4.165704945
4.165709485
4.165714003
4.165718500
4.165722973
4.165727424
4.165731855
4.165736261
4.165740645
4.165745009
4.165749351
4.165753670
4.165757969
4.165762247
4.165766504
4.165770739
4.165774954
4.165779148
4.165783321
4.165787473
4.165791605
4.165795719
4.165799810
4.165803882
4.165807934
4.165811966
4.165815977
4.165819972
4.165823945
4.165827900
4.165831834
4.165835751
4.165839647
4.165843526
4.165847386
4.165851226
4.165855049
4.165858852
4.165862639
4.165866406
4.165870154
4.165873886
4.165877600
4.165881295
4.165884972
4.165888634
4.165892276
4.165895901
4.165899510
4.165903100
4.165906673
4.165910231
4.165913771
4.165917294
4.165920800
4.165924290
4.165927762
4.165931221
4.165934660
4.165938085
4.165941494
4.165944885
4.165948263
4.165951622
4.165954967
4.165958297
4.165961609
4.165964907
4.165968189
4.165971456
4.165974708
4.165977945
4.165981166
4.165984374
4.165987565
4.165990742
4.165993904
4.165997051
4.166000184
4.166003303
4.166006406
4.166009495
4.166012571
4.166015633
4.166018679
4.166021712
4.166024732
4.166027737
4.166030728
4.166033706
4.166036670
4.166039620
4.166042557
4.166045481
4.166048390
4.166051289
4.166054172
4.166057042
4.166059901
4.166062746
4.166065576
4.166068395
4.166071202
4.166073995
4.166076775
4.166079544
4.166082300
4.166085043
4.166087774
4.166090491
4.166093199
4.166095893
4.166098575
4.166101244
4.166103902
4.166106549
4.166109183
4.166111804
4.166114416
4.166117015
4.166119602
4.166122178
4.166124742
4.166127296
4.166129837
4.166132368
4.166134887
4.166137396
4.166139892
4.166142378
4.166144852
4.166147316
4.166149770
4.166152211
4.166154643
4.166157063
4.166159473
4.166161873
4.166164262
4.166166640
4.166169007
4.166171365
4.166173713
4.166176049
4.166178375
4.166180692
4.166182999
4.166185296
4.166187582
4.166189857
4.166192124
4.166194381
4.166196627
4.166198865
4.166201091
4.166203309
4.166205517
4.166207715
4.166209904
4.166212084
4.166214253
4.166216414
4.166218565
4.166220708
4.166222840
4.166224964
4.166227077
4.166229183
4.166231279
4.166233367
4.166235445
4.166237515
4.166239575
4.166241627
4.166243670
4.166245704
4.166247729
4.166249746
4.166251755
4.166253754
4.166255745
4.166257728
4.166259703
4.166261668
4.166263625
4.166265575
4.166267515
4.166269448
4.166271373
4.166273288
4.166275197
4.166277097
