3570000.000
3570000.000
3570000.000
3570000.000
3570000.000
3570000.000
3570000.000
3570000.000
3570000.000
3570000.000
3570000.000
3570000.000
3570000.000
3570000.000
3570000.000
3570000.000
3570000.000
3570000.000
3570000.000
3570000.000
3570000.000
3570000.000
3570000.000
3570000.000
3570000.000
3570000.000
3570000.000
3570000.000
3570000.000
3570000.000
3570000.000
3570000.000
3570000.000
3570000.000
3570000.000
3570000.000
3570000.000
3570000.000
3570000.000
3570000.000
3570000.000
3570000.000
3570000.000
3570000.000
3570000.000
3570000.000
3570000.000
3570000.000
3570000.000
3570000.000
3570000.000
3570000.000
3570000.000
3570000.000
3570000.000
3570000.000
3570000.000
3570000.000
3570000.000
3570000.000
3570000.000
3570000.000
3570000.000
3570000.000
3570000.000
3570000.000
3570000.000
3570000.000
3570000.000
3570000.000
3570000.000
3570000.000
3570000.000
3570000.000
3570000.000
3570000.000
3570000.000
3570000.000
3570000.000
3570000.000
3570000.000
3570000.000
3570000.000
3570000.000
3570000.000
3570000.000
3570000.000
3570000.000
3570000.000
3570000.000
3570000.000
3570000.000
3570000.000
3570000.000
3570000.000
3570000.000
3570000.000
3570000.000
3570000.000
3570000.000
3570000.000
3570000.000
3570000.000
3570000.000
3570000.000
3570000.000
3570000.000
3570000.000
3570000.000
3570000.000
3570000.000
3570000.000
3570000.000
3570000.000
3570000.000
3570000.000
3570000.000
3570000.000
3570000.000
3570000.000
3570000.000
3570000.000
3570000.000
3570000.000
3570000.000
3570000.000
3570000.000
3570000.000
3570000.000
3570000.000
3570000.000
3570000.000
3570000.000
3570000.000
3570000.000
3570000.000
3570000.000
3570000.000
3570000.000
3570000.000
3570000.000
3570000.000
3570000.000
3570000.000
3570000.000
3570000.000
3570000.000
3570000.000
3570000.000
3570000.000
3570000.000
3570000.000
3570000.000
3570000.000
3570000.000
3570000.000
3570000.000
3570000.000
3570000.000
3570000.000
3570000.000
3570000.000
3570000.000
3570000.000
3570000.000
3570000.000
3570000.000
3570000.000
3570000.000
3570000.000
3570000.000
3570000.000
3570000.000
3570000.000
3570000.000
3570000.000
3570000.000
3570000.000
3570000.000
3570000.000
3570000.000
3570000.000
3570000.000
3570000.000
3570000.000
3570000.000
3570000.000
3570000.000
3570000.000
3570000.000
3570000.000
3570000.000
3570000.000
3570000.000
3570000.000
3570000.000
3570000.000
3570000.000
3570000.000
3570000.000
3570000.000
3570000.000
3570000.000
3570000.000
3570000.000
3570000.000
3570000.000
3570000.000
3570000.000
3570000.000
3570000.000
3570000.000
3570000.000
3570000.000
3570000.000
3570000.000
3570000.000
3570000.000
3570000.000
3570000.000
3570000.000
3570000.000
3570000.000
3570000.000
3570000.000
3570000.000
3570000.000
3570000.000
3570000.000
3570000.000
3570000.000
3570000.000
3570000.000
3570000.000
3570000.000
3570000.000
3570000.000
3570000.000
3570000.000
3570000.000
3570000.000
3570000.000
3570000.000
3570000.000
3570000.000
3570000.000
3570000.000
3570000.000
3570000.000
3570000.000
3570000.000
3570000.000
3570000.000
3570000.000
3570000.000
3570000.000
3570000.000
3570000.000
3570000.000
3570000.000
3570000.000
3570000.000
3570000.000
3570000.000
3570000.000
3570000.000
3570000.000
3570000.000
3570000.000
3570000.000
3570000.000
3570000.000
3570000.000
3570000.000
3570000.000
3570000.000
3570000.000
3570000.000
3570000.000
3570000.000
3570000.000
3570000.000
3570000.000
3570000.000
3570000.000
3569997.717
3569989.711
3569975.879
3569956.215
3569930.685
3569899.185
3569861.662
3569818.049
3569768.170
3569711.969
3569649.258
3569579.923
3569503.723
3569420.474
3569329.930
3569231.886
3569126.014
3569012.007
3568889.536
3568758.164
3568617.526
3568467.100
3568306.332
3568134.679
3567951.463
3567755.921
3567547.262
3567324.517
3567086.594
3566832.363
3566560.436
3566269.209
3565956.870
3565621.335
3565260.092
3564870.268
3564449.633
3564013.618
3563567.645
3563111.349
3562644.499
3562166.791
3561677.964
3561177.607
3560665.438
3560141.169
3559604.361
3559054.681
3558491.826
3557915.298
3557324.744
3556719.814
3556099.952
3555464.780
3554813.899
3554146.711
3553462.780
3552761.590
3552042.692
3551305.380
3550549.179
3549773.546
3548977.740
3548161.187
3547323.311
3546463.271
3545580.438
3544674.155
3543743.487
3542787.729
3541806.130
3540797.657
3539761.513
3538696.764
3537602.548
3536477.649
3535321.121
3534132.007
3532908.933
3531650.828
3530356.592
3529024.692
3527653.926
3526243.024
3524790.257
3523294.262
3521753.596
3520166.309
3518530.827
3516845.330
3515108.127
3513316.894
3511469.752
3509564.720
3507599.191
3505570.961
3503477.777
3501316.638
3499085.031
3496780.326
3494399.087
3491938.406
3489395.224
3486765.581
3484046.104
3481232.952
3478322.384
3475309.594
3472190.408
3468960.401
3465614.037
3462146.355
3458552.188
3454825.017
3450959.004
3446947.991
3442784.332
3438461.058
3433970.849
3429304.628
3424454.084
3419409.891
3414162.709
3408701.021
3403014.097
3397090.555
3390916.525
3384478.922
3377763.767
3370754.184
3363433.998
3355785.919
3347789.128
3339423.447
3330667.151
3321519.681
3312149.909
3302592.511
3292845.697
3282905.927
3272772.120
3262441.546
3251913.159
3241184.299
3230252.912
3219119.093
3207778.588
3196232.083
3184478.688
3172514.035
3160339.513
3147953.085
3135354.051
3122543.391
3109516.043
3096276.280
3082818.263
3069146.016
3055257.219
3041153.751
3026832.548
3012295.116
2997542.894
2982571.814
2967388.479
2951988.263
2936374.886
2920549.214
2904508.450
2888256.157
2871796.203
2855124.941
2838249.848
2821166.730
2803878.914
2786389.849
2768698.504
2750812.826
2732731.606
2714452.675
2695984.159
2677329.240
2658490.922
2639465.966
2620262.873
2600884.198
2581339.329
2561616.189
2541730.881
2521685.414
2501481.216
2481119.059
2460608.417
2439959.719
2419163.266
2398228.350
2377153.285
2355960.175
2334648.217
2313214.607
2291654.040
2269991.547
2248240.055
2226375.121
2204425.777
2182382.343
2160254.644
2138054.027
2115794.751
2093455.130
2071039.277
2048610.576
2026060.780
2003545.418
1980823.063
1958315.980
1976072.361
1993650.206
2011310.698
2028891.779
2046548.483
2064066.451
2081622.906
2099107.446
2116527.606
2133949.070
2151298.617
2168604.562
2185885.316
2203086.644
2220230.174
2237311.788
2254345.698
2271308.263
2288196.431
2305022.239
2321766.159
2338439.010
2355036.217
2371553.477
2387986.906
2404332.724
2420587.440
2436758.032
2452840.055
2468820.033
2484704.315
2500497.973
2516188.229
2531771.983
2547253.997
2562623.155
2577891.338
2593047.606
2608095.715
2623025.652
2637841.205
2652545.394
2667128.837
2681588.970
2695928.868
2710151.049
2724247.217
2738219.997
2752066.711
2765784.850
2779376.727
2792839.733
2806175.886
2819374.252
2832445.404
2845386.835
2858192.400
2870864.001
2883399.709
2895804.715
2908070.032
2920204.100
2932201.621
2944060.943
2955783.605
2967370.944
2978818.473
2990133.237
3001308.090
3012347.083
3023246.298
3034011.997
3044637.958
3055130.161
3065482.726
3075701.387
3085782.815
3095728.194
3105540.571
3115215.015
3124758.480
3134166.153
3143441.010
3152582.253
3161592.621
3170471.299
3179217.727
3187836.009
3196254.286
3204426.552
3212359.931
3220065.461
3227552.132
3234827.179
3241901.267
3248779.544
3255471.714
3261982.284
3268319.002
3274488.117
3280494.517
3286346.029
3292045.903
3297600.396
3303014.386
3308292.612
3313439.564
3318458.611
3323355.726
3328133.067
3332795.280
3337345.209
3341787.956
3346125.272
3350361.123
3354498.644
3358540.747
3362489.595
3366348.630
3370120.522
3373807.768
3377412.838
3380937.430
3384384.483
3387756.177
3391054.018
3394281.226
3397438.600
3400528.649
3403552.614
3406512.851
3409411.059
3412248.887
3415027.920
3417749.228
3420414.793
3423026.062
3425583.981
3428090.372
3430546.538
3432953.307
3435312.371
3437624.913
3439892.092
3442114.598
3444293.975
3446431.225
3448527.020
3450582.727
3452599.295
3454577.335
3456518.075
3458422.432
3460290.883
3462124.633
3463924.479
3465690.876
3467424.905
3469127.321
3470798.534
3472439.551
3474051.060
3475633.410
3477187.555
3478713.855
3480213.166
3481686.106
3483132.998
3484554.633
3485951.333
3487324.136
3488672.810
3489998.597
3491301.260
3492582.016
3493840.866
3495078.467
3496295.061
3497491.314
3498667.417
3499824.006
3500961.485
3502080.026
3503180.025
3504262.074
3505326.501
3506373.692
3507403.593
3508417.130
3509414.239
3510395.265
3511360.690
3512310.821
3513245.796
3514165.902
3515071.601
3515963.167
3516840.703
3517704.657
3518555.124
3519392.506
3520216.917
3521028.727
3521828.056
3522615.116
3523390.296
3524153.812
3524905.727
3525646.419
3526375.937
3527094.496
3527802.430
3528499.933
3529187.070
3529864.009
3530531.082
3531188.334
3531836.067
3532474.324
3533103.283
3533723.217
3534334.287
3534936.531
3535530.128
3536115.308
3536692.132
3537260.837
3537821.480
3538374.170
3538919.176
3539456.512
3539986.410
3540508.903
3541024.111
3541532.261
3542033.380
3542527.575
3543015.065
3543495.952
3543970.173
3544438.021
3544899.592
3545354.906
3545804.070
3546247.188
3546684.425
3547115.819
3547541.533
3547961.573
3548376.037
3548785.022
3549188.694
3549587.119
3549980.246
3550368.311
3550751.314
3551129.406
3551502.527
3551870.964
3552234.586
3552593.599
3552948.010
3553297.886
3553643.377
3553984.478
3554321.254
3554653.777
3554982.174
3555306.441
3555626.646
3555942.906
3556255.232
3556563.672
3556868.294
3557169.202
3557466.356
3557759.955
3558049.910
3558336.317
3558619.291
3558898.822
3559175.017
3559447.819
3559717.387
3559983.711
3560246.832
3560506.816
3560763.740
3561017.609
3561268.470
3561516.355
3561761.318
3562003.435
3562242.716
3562479.189
3562712.907
3562943.894
3563172.242
3563397.946
3563620.989
3563841.552
3564059.532
3564275.014
3564488.068
3564698.650
3564906.876
3565112.732
3565316.257
3565517.524
3565716.482
3565913.204
3566107.756
3566300.127
3566490.355
3566678.469
3566864.486
3567048.450
3567230.408
3567410.331
3567588.305
3567764.302
3567938.400
3568110.595
3568280.921
3568449.391
3568616.040
3568780.888
3568943.986
3569105.296
3569264.908
3569422.785
3569579.002
3569733.521
3569886.430
3570037.722
3570187.379
3570335.485
3570482.035
3570627.045
3570770.527
3570912.517
3571053.025
3571192.068
3571329.669
3571465.843
3571600.615
3571733.992
3571866.021
3571996.671
3572125.986
3572253.977
3572380.663
3572506.060
3572630.189
3572753.059
3572874.713
3572995.114
3573114.304
3573232.304
3573349.117
3573464.767
3573579.240
3573692.601
3573804.834
3573915.959
3574025.982
3574134.902
3574242.774
3574349.585
3574455.330
3574560.043
3574663.754
3574766.437
3574868.126
3574968.832
3575068.563
3575167.330
3575265.151
3575362.031
3575457.988
3575553.001
3575647.134
3575740.347
3575832.681
3575924.138
3576014.733
3576104.466
3576193.360
3576281.418
3576368.638
3576455.034
3576540.646
3576625.446
3576709.452
3576792.666
3576875.127
3576956.826
3577037.756
3577117.938
3577197.387
3577276.112
3577354.113
3577431.394
3577507.965
3577583.845
3577659.033
3577733.544
3577807.386
3577880.544
3577953.042
3578024.894
3578096.103
3578166.663
3578236.604
3578305.913
3578374.605
3578442.675
3578510.157
3578577.029
3578643.316
3578709.018
3578774.130
3578838.687
3578902.669
3578966.075
3579028.946
3579091.257
3579153.029
3579214.271
3579274.967
3579335.153
3579394.812
3579453.946
3579512.585
3579570.713
3579628.337
3579685.476
3579742.121
3579798.288
3579853.974
3579909.184
3579963.928
3580018.213
3580072.030
3580125.393
3580178.313
3580230.790
3580282.822
3580334.410
3580385.579
3580436.319
3580486.635
3580536.527
3580586.009
3580635.084
3580683.749
3580732.023
3580779.881
3580827.353
3580874.437
3580921.139
3580967.454
3581013.395
3581058.953
3581104.145
3581148.975
3581193.435
3581237.537
3581281.289
3581324.682
3581367.730
3581410.427
3581452.783
3581494.795
3581536.477
3581577.827
3581618.847
3581659.542
3581699.907
3581739.959
3581779.688
3581819.110
3581858.221
3581897.021
3581935.524
3581973.716
3582011.614
3582049.213
3582086.520
3582123.534
3582160.264
3582196.711
3582232.874
3582268.753
3582304.358
3582339.690
3582374.750
3582409.537
3582444.059
3582478.320
3582512.319
3582546.050
3582579.533
3582612.764
3582645.738
3582678.457
3582710.935
3582743.165
3582775.156
3582806.901
3582838.411
3582869.683
3582900.723
3582931.531
3582962.109
3582992.458
3583022.578
3583052.479
3583082.161
3583111.615
3583140.859
3583169.881
3583198.692
3583227.297
3583255.685
3583283.866
3583311.844
3583339.612
3583367.179
3583394.545
3583421.719
3583448.688
3583475.462
3583502.047
3583528.439
3583554.637
3583580.651
3583606.476
3583632.112
3583657.570
3583682.842
3583707.934
3583732.848
3583757.584
3583782.147
3583806.531
3583830.746
3583854.787
3583878.661
3583902.362
3583925.904
3583949.270
3583972.483
3583995.525
3584018.410
3584041.134
3584063.697
3584086.107
3584108.360
3584130.458
3584152.404
3584174.197
3584195.839
3584217.329
3584238.676
3584259.875
3584280.926
3584301.837
3584322.602
3584343.225
3584363.706
3584384.049
3584404.254
3584424.320
3584444.250
3584464.047
3584483.712
3584503.240
3584522.635
3584541.902
3584561.040
3584580.048
3584598.929
3584617.684
3584636.313
3584654.820
3584673.202
3584691.464
3584709.601
3584727.619
3584745.519
3584763.299
3584780.961
3584798.507
3584815.940
3584833.258
3584850.457
3584867.551
3584884.528
3584901.394
3584918.150
3584934.799
3584951.339
3584967.772
3584984.095
3585000.316
3585016.432
3585032.441
3585048.349
3585064.154
3585079.856
3585095.458
3585110.962
3585126.366
3585141.670
3585156.878
3585171.984
3585187.000
3585201.917
3585216.741
3585231.471
3585246.106
3585260.649
3585275.102
3585289.461
3585303.735
3585317.914
3585332.006
3585346.011
3585359.923
3585373.754
3585387.495
3585401.151
3585414.724
3585428.211
3585441.614
3585454.935
3585468.171
3585481.329
3585494.405
3585507.399
3585520.312
3585533.146
3585545.904
3585558.581
3585571.182
3585583.703
3585596.152
3585608.522
3585620.817
3585633.040
3585645.186
3585657.257
3585669.257
3585681.186
3585693.041
3585704.826
3585716.537
3585728.179
3585739.751
3585751.253
3585762.689
3585774.053
3585785.354
3585796.583
3585807.747
3585818.843
3585829.876
3585840.839
3585851.740
3585862.577
3585873.349
3585884.058
3585894.703
3585905.284
3585915.805
3585926.265
3585936.662
3585946.997
3585957.274
3585967.490
3585977.646
3585987.743
3585997.781
3586007.762
3586017.685
3586027.550
3586037.357
3586047.108
3586056.802
3586066.440
3586076.024
3586085.551
3586095.025
3586104.446
3586113.810
3586123.120
3586132.379
3586141.584
3586150.739
3586159.840
3586168.889
3586177.885
3586186.833
3586195.729
3586204.575
3586213.369
3586222.116
3586230.811
3586239.460
3586248.062
3586256.611
3586265.115
3586273.570
3586281.978
3586290.340
3586298.654
3586306.923
3586315.145
3586323.323
3586331.453
3586339.539
3586347.581
3586355.577
3586363.532
3586371.441
3586379.306
3586387.127
3586394.905
3586402.641
3586410.336
3586417.989
3586425.598
3586433.168
3586440.693
3586448.180
3586455.624
3586463.030
3586470.394
3586477.720
3586485.004
3586492.251
3586499.456
3586506.624
3586513.752
3586520.844
3586527.896
3586534.910
3586541.887
3586548.828
3586555.728
3586562.594
3586569.424
3586576.216
3586582.972
3586589.692
3586596.377
3586603.026
3586609.640
3586616.219
3586622.762
3586629.271
3586635.748
3586642.187
3586648.593
3586654.967
3586661.308
3586667.615
3586673.888
3586680.129
3586686.338
3586692.513
3586698.656
3586704.768
3586710.848
3586716.896
3586722.912
3586728.898
3586734.853
3586740.777
3586746.668
3586752.530
3586758.363
3586764.164
3586769.937
3586775.681
3586781.393
3586787.076
3586792.731
3586798.358
3586803.956
3586809.523
3586815.065
3586820.575
3586826.059
3586831.516
3586836.944
3586842.344
3586847.718
3586853.064
3586858.383
3586863.676
3586868.941
3586874.181
3586879.392
3586884.580
3586889.740
3586894.875
3586899.984
3586905.067
3586910.123
3586915.157
3586920.165
3586925.147
3586930.106
3586935.038
3586939.947
3586944.831
3586949.691
3586954.526
3586959.338
3586964.127
3586968.892
3586973.633
3586978.351
3586983.045
3586987.717
3586992.365
3586996.990
3587001.594
3587006.174
3587010.732
3587015.268
3587019.781
3587024.272
3587028.743
3587033.190
3587037.617
3587042.021
3587046.405
3587050.767
3587055.108
3587059.430
3587063.729
3587068.008
3587072.265
3587076.503
3587080.721
3587084.916
3587089.093
3587093.251
3587097.387
3587101.503
3587105.602
3587109.679
3587113.737
3587117.777
3587121.796
3587125.795
3587129.777
3587133.740
3587137.684
3587141.608
3587145.515
3587149.402
3587153.273
3587157.124
3587160.957
3587164.773
3587168.569
3587172.350
3587176.110
3587179.855
3587183.582
3587187.290
3587190.981
3587194.655
3587198.313
3587201.953
3587205.576
3587209.181
3587212.772
3587216.345
3587219.901
3587223.441
3587226.963
3587230.470
3587233.962
3587237.435
3587240.893
3587244.336
3587247.764
3587251.173
3587254.569
3587257.949
3587261.313
3587264.661
3587267.995
3587271.312
3587274.615
3587277.902
3587281.176
3587284.432
3587287.676
3587290.904
3587294.117
3587297.317
3587300.501
3587303.669
3587306.825
3587309.967
3587313.094
3587316.206
3587319.305
3587322.390
3587325.461
3587328.518
3587331.560
3587334.590
3587337.606
3587340.609
3587343.597
3587346.572
3587349.535
3587352.484
3587355.418
3587358.341
3587361.251
3587364.146
3587367.031
3587369.900
3587372.759
3587375.603
3587378.437
3587381.257
3587384.065
3587386.859
3587389.642
3587392.412
3587395.170
3587397.917
3587400.649
3587403.371
3587406.081
3587408.778
3587411.465
3587414.139
3587416.801
3587419.451
3587422.090
3587424.718
3587427.333
3587429.938
3587432.531
3587435.113
3587437.684
3587440.244
3587442.791
3587445.328
3587447.855
3587450.369
3587452.874
3587455.366
3587457.849
3587460.321
3587462.781
3587465.232
3587467.672
3587470.100
3587472.519
3587474.927
3587477.325
3587479.712
3587482.090
3587484.456
3587486.812
3587489.159
3587491.496
3587493.822
3587496.139
3587498.445
3587500.743
3587503.030
3587505.306
3587507.573
3587509.831
3587512.080
3587514.318
3587516.546
3587518.766
3587520.977
3587523.176
3587525.368
3587527.550
3587529.722
3587531.885
3587534.040
3587536.185
3587538.321
3587540.448
