94.19145182
94.19145182
94.19145182
94.19145182
94.19145182
94.19145182
94.19145182
94.19145182
94.19145182
94.19145182
94.19145182
94.19145182
94.19145182
94.19145182
94.19145182
94.19145182
94.19145182
94.19145182
94.19145182
94.19145182
94.19145182
94.19145182
94.19145182
94.19145182
94.19145182
94.19145182
94.19145182
94.19145182
94.19145182
94.19145182
94.19145182
94.19145182
94.19145182
94.19145182
94.19145182
94.19145182
94.19145182
94.19145182
94.19145182
94.19145182
94.19145182
94.19145182
94.19145182
94.19145182
94.19145182
94.19145182
94.19145182
94.19145182
94.19145182
94.19145182
94.19145182
94.19145182
94.19145182
94.19145182
94.19145182
94.19145182
94.19145182
94.19145182
94.19145182
94.19145182
94.19145182
94.19145182
94.19145182
94.19145182
94.19145182
94.19145182
94.19145182
94.19145182
94.19145182
94.19145182
94.19145182
94.19145182
94.19145182
94.19145182
94.19145182
94.19145182
94.19145182
94.19145182
94.19145182
94.19145182
94.19145182
94.19145182
94.19145182
94.19145182
94.19145182
94.19145182
94.19145182
94.19145182
94.19145182
94.19145182
94.19145182
94.19145182
94.19145182
94.19145182
94.19145182
94.19145182
94.19145182
94.19145182
94.19145182
94.19145182
94.19145182
94.19145182
94.19145182
94.19145182
94.19145182
94.19145182
94.19145182
94.19145182
94.19145182
94.19145182
94.19145182
94.19145182
94.19145182
94.19145182
94.19145182
94.19145182
94.19145182
94.19145182
94.19145182
94.19145182
94.19145182
94.19145182
94.19145182
94.19145182
94.19145182
94.19145182
94.19145182
94.19145182
94.19145182
94.19145182
94.19145182
94.19145182
94.19145182
94.19145182
94.19145182
94.19145182
94.19145182
94.19145182
94.19145182
94.19145182
94.19145182
94.19145182
94.19145182
94.19145182
94.19145182
94.19145182
94.19145182
94.19145182
94.19145182
94.19145182
94.19145182
94.19145182
94.19145182
94.19145182
94.19145182
94.19145182
94.19145182
94.19145182
94.19145182
94.19145182
94.19145182
94.19145182
94.19145182
94.19145182
94.19145182
94.19145182
94.19145182
94.19145182
94.19145182
94.19145182
94.19145182
94.19145182
94.19145182
94.19145182
94.19145182
94.19145182
94.19145182
94.19145182
94.19145182
94.19145182
94.19145182
94.19145182
94.19145182
94.19145182
94.19145182
94.19145182
94.19145182
94.19145182
94.19145182
94.19145182
94.19145182
94.19145182
94.19145182
94.19145182
94.19145182
94.19145182
94.19145182
94.19145182
94.19145182
94.19145182
94.19145182
94.19145182
94.19145182
94.19145182
94.19145182
94.19145182
94.19145182
94.19145182
94.19145182
94.19145182
94.19145182
94.19145182
94.19145182
94.19145182
94.19145182
94.19145182
94.19145182
94.19145182
94.19145182
94.19145182
94.19145182
94.19145182
94.19145182
94.19145182
94.19145182
94.19145182
94.19145182
94.19145182
94.19145182
94.19145182
94.19145182
94.19145182
94.19145182
94.19145182
94.19145182
94.19145182
94.19145182
94.19145182
94.19145182
94.19145182
94.19145182
94.19145182
94.19145182
94.19145182
94.19145182
94.19145182
94.19145182
94.19145182
94.19145182
94.19145182
94.19145182
94.19145182
94.19145182
94.19145182
94.19145182
94.19145182
94.19145182
94.19145182
94.19145182
94.19145182
94.19145182
94.19145182
94.19145182
94.19145182
94.19145182
94.19145182
94.19145182
94.19145182
94.19145182
94.19145182
94.19145182
94.19145182
94.19145182
94.19145182
94.19145182
94.19145182
94.19145182
94.19145182
94.19145182
94.19145182
94.19145182
94.19145182
94.19145182
94.19145182
94.19145182
94.19729068
94.21776601
94.25312959
94.30338137
94.36858421
94.44897406
94.54464522
94.65572342
94.78260191
94.92535915
95.08440406
95.25994093
95.45248875
95.66240910
95.89020515
96.13626984
96.40127934
96.68584678
96.99061669
97.31648532
97.66414422
98.03464680
98.42909351
98.84852174
99.29426770
99.76782475
100.2707018
100.8047850
101.3721807
101.9750104
102.6159146
103.2979423
104.0244880
104.7994330
105.6274604
106.5138497
107.4621803
108.4365193
109.4242331
110.4257601
111.4412393
112.4709517
113.5150678
114.5740725
115.6481519
116.7374918
117.8425769
118.9636556
120.1008978
121.2548503
122.4257455
123.6137999
124.8196070
126.0433987
127.2854223
128.5462863
129.8262692
131.1257747
132.4450651
133.7848422
135.1453676
136.5269970
137.9304156
139.3559784
140.8040243
142.2753162
143.7702235
145.2891314
146.8328640
148.4018211
149.9964494
151.6176184
153.2657739
154.9415489
156.6454193
158.3783779
160.1409465
161.9336301
163.7575136
165.6131792
167.5012081
169.4227610
171.3784644
173.3689910
175.3956078
177.4590012
179.5599187
181.6997334
183.8792373
186.0994873
188.3613040
190.6662576
193.0152592
195.4092806
197.8499958
200.3384821
202.8757988
205.4638161
208.1037134
210.7967143
213.5448835
216.3495475
219.2121081
222.1348532
225.1192858
228.1672951
231.2805315
234.4616388
237.7124286
241.0348317
244.4317542
247.9053318
251.4577399
255.0922978
258.8114442
262.6177333
266.5149065
270.5058228
274.5934384
278.7820477
283.0749670
287.4761337
291.9892044
296.6193821
301.3708413
306.2479664
311.2568034
316.4023332
321.6898470
327.1264554
332.7182109
338.4715269
344.3949116
350.4957725
356.7820455
363.2462079
369.7641561
376.3105765
382.8861152
389.4925579
396.1300136
402.7996692
409.5016040
416.2369271
423.0063417
429.8092362
436.6476656
443.5206849
450.4283459
457.3727338
464.3525820
471.3686428
478.4209205
485.5085260
492.6339290
499.7944988
506.9931328
514.2274459
521.4984897
528.8051425
536.1488833
543.5288582
550.9443142
558.3972904
565.8845474
573.4084599
580.9673315
588.5609229
596.1907752
603.8554250
611.5533522
619.2865940
627.0520588
634.8520963
642.6856250
650.5515770
658.4509444
666.3807602
674.3421917
682.3368288
690.3617950
698.4164523
706.5002864
714.6154850
722.7592540
730.9313971
739.1288960
747.3577601
755.6122404
763.8925406
772.1991293
780.5327640
788.8906810
797.2698058
805.6752588
814.1044773
822.5593603
831.0323125
839.5249781
848.0397960
856.5801879
865.1375967
873.7083394
882.3034595
890.9129676
899.5421168
908.1885226
916.8492418
925.5202314
934.2114559
942.9228279
951.6312752
960.3803727
969.1113455
977.9193776
986.6423780
979.7606706
972.9473993
966.1005755
959.2822685
952.4315877
945.6309576
938.8108442
932.0133817
925.2349356
918.4492087
911.6839892
904.9275353
898.1719267
891.4376630
884.7156063
878.0066892
871.3046410
864.6180860
857.9475842
851.2877306
844.6456178
838.0163328
831.4010686
824.8009298
818.2168760
811.6498440
805.1006779
798.5660053
792.0470615
785.5487872
779.0680966
772.6024003
766.1564297
759.7309981
753.3236862
746.9386587
740.5705483
734.2234920
727.8955143
721.5904473
715.3063377
709.0415389
702.7997082
696.5816466
690.3857431
684.2106135
678.0595883
671.9312799
665.8266306
659.7465416
653.6897943
647.6573694
641.6481934
635.6670702
629.7090974
623.7752876
617.8683757
611.9874310
606.1333110
600.3035513
594.5023681
588.7257772
582.9763095
577.2548134
571.5606194
565.8931540
560.2547189
554.6419554
549.0585382
543.5026071
537.9763152
532.4766756
527.0070727
521.5646554
516.1527218
510.7685430
505.4141477
500.0892184
494.7924281
489.5267793
484.2888368
479.0816017
473.9038225
468.7563498
463.6380578
458.5498372
453.4924732
448.4640575
443.5075524
438.6520781
433.8958170
429.2344884
424.6648955
420.1847944
415.7897024
411.4784351
407.2468543
403.0939908
399.0167284
395.0128068
391.0807635
387.2171232
383.4213349
379.6907893
376.0237093
372.4183398
368.8730252
365.3868236
361.9569146
358.5830799
355.2632997
351.9967769
348.7810337
345.6159551
342.4997759
339.4312797
336.4093696
333.4334684
330.5019939
327.6138993
324.7682271
321.9640010
319.2008134
316.4772503
313.7924506
311.1460607
308.5363181
305.9633751
303.4259746
300.9238631
298.4558413
296.0212184
293.6193174
291.2494907
288.9115076
286.6043299
284.3273519
282.0803855
279.8624501
277.6729981
275.5118843
273.3781710
271.2713535
269.1909265
267.1368030
265.1080874
263.1043646
261.1255140
259.1707460
257.2396430
255.3320979
253.4473962
251.5851027
249.7452018
247.9269456
246.1299749
244.3542568
242.5991194
240.8642016
239.1494850
237.4543269
235.7783960
234.1217036
232.4836213
230.8641284
229.2626736
227.6789389
226.1129182
224.5640902
223.0324325
221.5171263
220.0187419
218.5362101
217.0701005
215.6193433
214.1842267
212.7642892
211.3595374
209.9694780
208.5941642
207.2331177
205.8861256
204.5532405
203.2342493
201.9286883
200.6364063
199.3571738
198.0912929
196.8378613
195.5971807
194.3690522
193.1530892
191.9491235
190.7571908
189.5771384
188.4085789
187.2513595
186.1055464
184.9707519
183.8470418
182.7340752
181.6318864
180.5401655
179.4589312
178.3880767
177.3272446
176.2763125
175.2353613
174.2040333
173.1824251
172.1703982
171.1676415
170.1740320
169.1896347
168.2143577
167.2478742
166.2902644
165.3412327
164.4008593
163.4690208
162.5454526
161.6300466
160.7228830
159.8238225
158.9326471
158.0493900
157.1738173
156.3059620
155.4457786
154.5929704
153.7476331
152.9095170
152.0786863
151.2550637
150.4383996
149.6287580
148.8260772
148.0301075
147.2407871
146.4583214
145.6823346
144.9127650
144.1496765
143.3929917
142.6426330
141.8984131
141.1603642
140.4282988
139.7022965
138.9822795
138.2681703
137.5597655
136.8570344
136.1601508
135.4687855
134.7830178
134.1026600
133.4279013
132.7583026
132.0941788
131.4352320
130.7815258
130.1330137
129.4894920
128.8510399
128.2176109
127.5891428
126.9654632
126.3466513
125.7326448
125.1232870
124.5186257
123.9186299
123.3232373
122.7323068
122.1459805
121.5639286
120.9863875
120.4132319
119.8442892
119.2796384
118.7191229
118.1629159
117.6107506
117.0627060
116.5187509
115.9788073
115.4427653
114.9106725
114.3824821
113.8581787
113.3376997
112.8209355
112.3079177
111.7986309
111.2930126
110.7910630
110.2926252
109.7977624
109.3065534
108.8186526
108.3343277
107.8534372
107.3758714
106.9017721
106.4309193
105.9633919
105.4991429
105.0380468
104.5802611
104.1256601
103.6741340
103.2257459
102.7804488
102.3382115
101.8990341
101.4628539
101.0295924
100.5993600
100.1719838
99.74757414
99.32597377
98.90723012
98.49129615
98.07817203
97.66781072
97.26019664
96.85523553
96.45305344
96.05346169
95.65658631
95.26227008
94.87063904
94.48150449
94.09491378
93.71094572
93.32941160
92.95035875
92.57377158
92.19965019
91.82793176
91.45861641
91.09168852
90.72711672
90.36488539
90.00496315
89.64735012
89.29195196
88.93887896
88.58803677
88.23942551
87.89301378
87.54878594
87.20671060
86.86678787
86.52892336
86.19324313
85.85965279
85.52812095
85.19866344
84.87123311
84.54589303
84.22248583
83.90107456
83.58162783
83.26414571
82.94865975
82.63502834
82.32331452
82.01354986
81.70565571
81.39956914
81.09538470
80.79302373
80.49247055
80.19372522
79.89677206
79.60157964
79.30814801
79.01644576
78.72655166
78.43829256
78.15181024
77.86699453
77.58386123
77.30237890
77.02256333
76.74436735
76.46779099
76.19286580
75.91956034
75.64776442
75.37758832
75.10898485
74.84196980
74.57643298
74.31242167
74.04996741
73.78902302
73.52955701
73.27155370
73.01502887
72.75998256
72.50639905
72.25423115
72.00349463
71.75415804
71.50620566
71.25970052
71.01457968
70.77081164
70.52839646
70.28736567
70.04764054
69.80926837
69.57221768
69.33652000
69.10206512
68.86894756
68.63708860
68.40650403
68.17722537
67.94914239
67.72233389
67.49681563
67.27246163
67.04936643
66.82746706
66.60674777
66.38727161
66.16892833
65.95178098
65.73584532
65.52101112
65.30735716
65.09486771
64.88347978
64.67324065
64.46410309
64.25608288
64.04918002
63.84336305
63.63861622
63.43498682
63.23242760
63.03090709
62.83044104
62.63104524
62.43271971
62.23538569
62.03909046
61.84381830
61.64958496
61.45634321
61.26409306
61.07285028
60.88255188
60.69330815
60.50500882
60.31766967
60.13127496
59.94585621
59.76136617
59.57785212
59.39525107
59.21356301
59.03281949
58.85298899
58.67404003
58.49601989
58.31888130
58.14265580
57.96731189
57.79286534
57.61926889
57.44653831
57.27467362
57.10365906
56.93352617
56.76421193
56.59576363
56.42811824
56.26130729
56.09533080
55.93014151
55.76580245
55.60225060
55.43951750
55.27757163
55.11642877
54.95605742
54.79645757
54.63764501
54.47961973
54.32235024
54.16583654
54.01007865
53.85509233
53.70084607
53.54732412
53.39454226
53.24253201
53.09121458
52.94060575
52.79073703
52.64160844
52.49315695
52.34542985
52.19837986
52.05205427
51.90640582
51.76145027
51.61717186
51.47357061
51.33064653
51.18839962
51.04682988
50.90590581
50.76562742
50.62604199
50.48707072
50.34877667
50.21111257
50.07406265
49.93767421
49.80191573
49.66677146
49.53227293
49.39838861
49.26511853
49.13243116
49.00038955
48.86894643
48.73808604
48.60782415
48.47817652
48.34909588
48.22061375
48.09273015
47.96539779
47.83866397
47.71249715
47.58689737
47.46186460
47.33738312
47.21348442
47.09012125
46.96732513
46.84506453
46.72337099
46.60218148
46.48159054
46.36147212
46.24193653
46.12290498
46.00440899
45.88644857
45.76899220
45.65205564
45.53563891
45.41972623
45.30433338
45.18944461
45.07507567
44.96117928
44.84778698
44.73489877
44.62248312
44.51057157
44.39914835
44.28821347
44.17775118
44.06776147
43.95826012
43.84923135
43.74065943
43.63254434
43.52491761
43.41776349
43.31105046
43.20479428
43.09899496
42.99365249
42.88875113
42.78430663
42.68028747
42.57672518
42.47358825
42.37090819
42.26865348
42.16682414
42.06543592
41.96447306
41.86393557
41.76380769
41.66410518
41.56484381
41.46596053
41.36751839
41.26948587
41.17186298
41.07463395
40.97781456
40.88138903
40.78538889
40.68976687
40.59453872
40.49972022
40.40527983
40.31123333
40.21758071
40.12430622
40.03140986
39.93889162
39.84676728
39.75500532
39.66365301
39.57263155
39.48200400
39.39173883
39.30183604
39.21231139
39.12314914
39.03433350
38.94589602
38.85778941
38.77006096
38.68267913
38.59564394
38.50898692
38.42264500
38.33666549
38.25103262
38.16573064
38.08077530
37.99616660
37.91188879
37.82795763
37.74434160
37.66105646
37.57811798
37.49551038
37.41323369
37.33125637
37.24962570
37.16831018
37.08732555
37.00664031
36.92628597
36.84624677
36.76650696
36.68709805
36.60800429
36.52920992
36.45071493
36.37253510
36.29465466
36.21708937
36.13982347
36.06285697
35.98618986
35.90980639
35.83373807
35.75793763
35.68245236
35.60725072
35.53234848
35.45771412
35.38339493
35.30934362
35.23557595
35.16209193
35.08889156
35.01597483
34.94334175
34.87097656
34.79887925
34.72706560
34.65553559
34.58425772
34.51326350
34.44253718
34.37207874
34.30188820
34.23194980
34.16227929
34.09287668
34.02374196
33.95485939
33.88624471
33.81788217
33.74977177
33.68192927
33.61432315
33.54696917
33.47988310
33.41304917
33.34645162
33.28010621
33.21399719
33.14814031
33.08253558
33.01718300
32.95205104
32.88717123
32.82252781
32.75813654
32.69396589
32.63004740
32.56634953
32.50287229
32.43966297
32.37665851
32.31390621
32.25137454
32.18906350
32.12698886
32.06513485
32.00351723
31.94210449
31.88094390
31.81998819
31.75925311
31.69875443
31.63844486
31.57837169
31.51851916
31.45888727
31.39947602
31.34026964
31.28126814
31.22247152
31.16391130
31.10554020
31.04740550
30.98945992
30.93173499
30.87419917
30.81688399
30.75975794
30.70285253
30.64613624
30.58964059
30.53333407
30.47723243
30.42131991
30.36561227
30.31010953
30.25479590
30.19967140
30.14476755
30.09003706
30.03549569
29.98115922
29.92701186
29.87305364
29.81928454
29.76570457
29.71231372
29.65911200
29.60609942
29.55327595
29.50061010
29.44816489
29.39589306
29.34379459
29.29186948
29.24013351
29.18858667
29.13721320
29.08601309
29.03500212
28.98416452
28.93350029
28.88300943
28.83269193
28.78256358
28.73259282
28.68279545
28.63317144
28.58373657
28.53445930
28.48533965
28.43640913
28.38763623
28.33902093
28.29059477
28.24232622
28.19421528
28.14626196
28.09848200
28.05087543
28.00341070
27.95613511
27.90900138
27.86202525
27.81522250
27.76857737
27.72207409
27.67574418
27.62957189
27.58354145
27.53768439
27.49196918
27.44642735
27.40101161
27.35576925
27.31066874
27.26572585
27.22094057
27.17631291
27.13181135
27.08746739
27.04328106
26.99922082
26.95533396
26.91158896
26.86798581
26.82452451
26.78122084
26.73805902
26.69502329
26.65214519
26.60940894
26.56681454
26.52436201
26.48205133
26.43988251
26.39785554
26.35595467
26.31421142
26.27259427
26.23111897
26.18978553
26.14859396
26.10751271
26.06658909
26.02579156
25.98513589
25.94460632
25.90421860
25.86395699
25.82382147
25.78382781
25.74396024
25.70423454
25.66461917
25.62514566
25.58581402
25.54659271
25.50749749
25.46854414
25.42971689
25.39099997
25.35242491
25.31397595
25.27563733
25.23744057
25.19936990
25.16140958
25.12357535
25.08586722
25.04828520
25.01081351
24.97348368
24.93624842
24.89915503
24.86217198
24.82529926
24.78856841
24.75193213
24.71543772
24.67903787
24.64276413
24.60661650
24.57057920
24.53466800
24.49885137
24.46316085
24.42758066
24.39212658
24.35676707
24.32153367
24.28641060
24.25139787
24.21651125
24.18171920
24.14703749
24.11248188
24.07803662
24.04368592
24.00944557
23.97533132
23.94131165
23.90740232
23.87360332
23.83991467
23.80632059
23.77285262
23.73947923
23.70621617
23.67304769
23.64000532
23.60704176
23.57420430
23.54146143
23.50881312
23.47627516
23.44386331
23.41153027
23.37929181
23.34716368
23.31514590
23.28322270
23.25139408
23.21967580
23.18805209
23.15653873
23.12510419
23.09377998
23.06255035
23.03143107
23.00040637
22.96946048
22.93862493
22.90789973
22.87725334
22.84670153
22.81626006
22.78589741
22.75564510
22.72547161
22.69540846
22.66542412
22.63553437
22.60573919
22.57605436
22.54644835
22.51693691
22.48752006
22.45818202
22.42895432
22.39980544
22.37075114
22.34179143
22.31291052
22.28412420
22.25543246
22.22683530
22.19831696
22.16987743
22.14154825
22.11329788
22.08512634
22.05704937
22.02905122
22.00114765
21.97333866
21.94560849
21.91795714
21.89040036
21.86292241
21.83553903
21.80823448
21.78100874
21.75387758
21.72682524
21.69985172
21.67297278
21.64617266
21.61945135
21.59280887
21.56626096
21.53977611
21.51340161
21.48709016
21.46085753
21.43470371
21.40864448
21.38264830
21.35674671
21.33090817
21.30516421
21.27949907
21.25391275
21.22840525
21.20296080
21.17761093
21.15233989
21.12713190
21.10200272
21.07696813
21.05199660
21.02710388
21.00228998
20.97755491
20.95288288
20.92830544
20.90379106
20.87935549
