3727172.898
3727172.898
3727172.898
3727172.898
3727172.898
3727172.898
3727172.898
3727172.898
3727172.898
3727172.898
3727172.898
3727172.898
3727172.898
3727172.898
3727172.898
3727172.898
3727172.898
3727172.898
3727172.898
3727172.898
3727172.898
3727172.898
3727172.898
3727172.898
3727172.898
3727172.898
3727172.898
3727172.898
3727172.898
3727172.898
3727172.898
3727172.898
3727172.898
3727172.898
3727172.898
3727172.898
3727172.898
3727172.898
3727172.898
3727172.898
3727172.898
3727172.898
3727172.898
3727172.898
3727172.898
3727172.898
3727172.898
3727172.898
3727172.898
3727172.898
3727172.898
3727172.898
3727172.898
3727172.898
3727172.898
3727172.898
3727172.898
3727172.898
3727172.898
3727172.898
3727172.898
3727172.898
3727172.898
3727172.898
3727172.898
3727172.898
3727172.898
3727172.898
3727172.898
3727172.898
3727172.898
3727172.898
3727172.898
3727172.898
3727172.898
3727172.898
3727172.898
3727172.898
3727172.898
3727172.898
3727172.898
3727172.898
3727172.898
3727172.898
3727172.898
3727172.898
3727172.898
3727172.898
3727172.898
3727172.898
3727172.898
3727172.898
3727172.898
3727172.898
3727172.898
3727172.898
3727172.898
3727172.898
3727172.898
3727172.898
3727172.898
3727172.898
3727172.898
3727172.898
3727172.898
3727172.898
3727172.898
3727172.898
3727172.898
3727172.898
3727172.898
3727172.898
3727172.898
3727172.898
3727172.898
3727172.898
3727172.898
3727172.898
3727172.898
3727172.898
3727172.898
3727172.898
3727172.898
3727172.898
3727172.898
3727172.898
3727172.898
3727172.898
3727172.898
3727172.898
3727172.898
3727172.898
3727172.898
3727172.898
3727172.898
3727172.898
3727172.898
3727172.898
3727172.898
3727172.898
3727172.898
3727172.898
3727172.898
3727172.898
3727172.898
3727172.898
3727172.898
3727172.898
3727172.898
3727172.898
3727172.898
3727172.898
3727172.898
3727172.898
3727172.898
3727172.898
3727172.898
3727172.898
3727172.898
3727172.898
3727172.898
3727172.898
3727172.898
3727172.898
3727172.898
3727172.898
3727172.898
3727172.898
3727172.898
3727172.898
3727172.898
3727172.898
3727172.898
3727172.898
3727172.898
3727172.898
3727172.898
3727172.898
3727172.898
3727172.898
3727172.898
3727172.898
3727172.898
3727172.898
3727172.898
3727172.898
3727172.898
3727172.898
3727172.898
3727172.898
3727172.898
3727172.898
3727172.898
3727172.898
3727172.898
3727172.898
3727172.898
3727172.898
3727172.898
3727172.898
3727172.898
3727172.898
3727172.898
3727172.898
3727172.898
3727172.898
3727172.898
3727172.898
3727172.898
3727172.898
3727172.898
3727172.898
3727172.898
3727172.898
3727172.898
3727172.898
3727172.898
3727172.898
3727172.898
3727172.898
3727172.898
3727172.898
3727172.898
3727172.898
3727172.898
3727172.898
3727172.898
3727172.898
3727172.898
3727172.898
3727172.898
3727172.898
3727172.898
3727172.898
3727172.898
3727172.898
3727172.898
3727172.898
3727172.898
3727172.898
3727172.898
3727172.898
3727172.898
3727172.898
3727172.898
3727172.898
3727172.898
3727172.898
3727172.898
3727172.898
3727172.898
3727172.898
3727172.898
3727172.898
3727172.898
3727172.898
3727172.898
3727172.898
3727172.898
3727172.898
3727172.898
3727172.898
3727172.898
3727172.898
3727172.898
3727172.898
3727172.898
3727172.898
3727172.898
3727172.898
3727172.898
3727172.898
3727172.898
3727172.898
3727172.898
3727172.898
3727172.898
3727172.898
3727172.898
3727172.898
3727172.898
3727172.898
3727172.898
3727172.898
3727172.898
3727172.348
3727170.419
3727167.086
3727162.349
3727156.198
3727148.608
3727139.568
3727129.060
3727117.042
3727103.501
3727088.391
3727071.684
3727053.324
3727033.264
3727011.447
3726987.821
3726962.309
3726934.836
3726905.323
3726873.663
3726839.770
3726803.517
3726764.769
3726723.397
3726679.237
3726632.103
3726581.806
3726528.110
3726470.753
3726409.461
3726343.900
3726273.680
3726198.366
3726117.452
3726030.332
3725936.313
3725834.852
3725729.673
3725622.081
3725511.988
3725399.338
3725284.055
3725166.077
3725045.304
3724921.665
3724795.092
3724665.476
3724532.737
3724396.800
3724257.543
3724114.881
3723968.727
3723818.945
3723665.443
3723508.123
3723346.839
3723181.483
3723011.928
3722838.065
3722659.721
3722476.777
3722289.102
3722096.513
3721898.868
3721696.026
3721487.780
3721273.974
3721054.447
3720828.968
3720597.362
3720359.445
3720114.961
3719863.714
3719605.471
3719340.019
3719067.057
3718786.351
3718497.662
3718200.651
3717895.050
3717580.585
3717256.877
3716923.624
3716580.509
3716227.103
3715863.064
3715488.030
3715101.516
3714703.126
3714292.403
3713868.922
3713432.102
3712981.467
3712516.519
3712036.602
3711541.159
3711029.618
3710501.223
3709955.335
3709391.285
3708808.204
3708205.349
3707581.938
3706936.966
3706269.566
3705578.755
3704863.570
3704122.783
3703355.313
3702560.018
3701735.471
3700880.386
3699993.415
3699072.872
3698117.231
3697124.876
3696093.815
3695022.213
3693908.134
3692749.198
3691543.194
3690287.649
3688980.065
3687617.384
3686196.721
3684715.004
3683168.514
3681553.694
3679866.734
3678103.054
3676258.209
3674327.425
3672304.985
3670185.269
3667962.199
3665635.009
3663246.147
3660804.088
3658308.024
3655756.686
3653149.419
3650485.126
3647763.131
3644982.323
3642141.730
3639240.923
3636278.321
3633253.614
3630166.065
3627014.004
3623797.252
3620514.714
3617165.624
3613749.648
3610264.819
3606711.642
3603087.894
3599393.980
3595628.575
3591791.473
3587881.100
3583897.103
3579839.094
3575705.146
3571496.252
3567210.282
3562847.392
3558406.933
3553887.192
3549288.225
3544610.161
3539850.970
3535011.770
3530090.321
3525086.506
3520000.235
3514830.090
3509577.254
3504240.217
3498817.139
3493309.209
3487716.142
3482037.585
3476271.267
3470418.443
3464478.559
3458453.150
3452337.102
3446133.984
3439843.006
3433463.165
3426993.215
3420434.659
3413789.341
3407052.601
3400225.863
3393306.962
3386301.560
3379207.818
3372023.165
3364744.103
3357377.382
3349925.781
3342379.215
3334745.955
3327020.903
3319205.716
3311302.647
3303315.063
3295233.390
3287057.183
3278807.871
3270443.682
3262020.513
3253445.758
3244877.322
3251643.427
3258295.592
3264933.752
3271497.677
3278045.948
3284499.959
3290926.012
3297284.441
3303579.070
3309834.438
3316025.065
3322161.991
3328252.508
3334278.359
3340248.061
3346161.039
3352023.024
3357826.695
3363571.884
3369263.512
3374895.803
3380473.226
3385995.044
3391460.626
3396869.485
3402221.178
3407515.362
3412755.080
3417939.639
3423065.464
3428135.363
3433151.678
3438111.075
3443013.318
3447860.624
3452650.233
3457386.544
3462066.844
3466692.973
3471262.526
3475777.334
3480238.961
3484645.198
3488995.917
3493292.675
3497536.831
3501726.510
3505863.090
3509946.362
3513976.163
3517953.739
3521878.879
3525752.711
3529572.601
3533342.139
3537061.108
3540728.248
3544344.605
3547910.117
3551426.736
3554892.380
3558309.892
3561678.224
3564997.353
3568268.142
3571491.382
3574666.238
3577795.063
3580876.273
3583911.371
3586899.655
3589843.208
3592740.685
3595594.068
3598402.096
3601166.660
3603887.182
3606564.299
3609199.139
3611790.679
3614341.074
3616849.322
3619316.496
3621742.655
3624128.788
3626474.936
3628781.201
3631048.907
3633259.438
3635401.090
3637476.123
3639487.790
3641438.776
3643331.282
3645168.374
3646951.661
3648683.912
3650366.530
3652001.738
3653591.354
3655136.831
3656640.362
3658102.953
3659526.365
3660911.998
3662261.203
3663575.258
3664855.147
3666102.509
3667318.000
3668502.907
3669658.047
3670784.808
3671883.718
3672955.864
3674002.116
3675023.281
3676019.974
3676993.129
3677943.479
3678871.712
3679778.504
3680664.333
3681529.988
3682376.062
3683202.977
3684011.583
3684802.119
3685575.252
3686331.327
3687070.968
3687794.632
3688502.761
3689195.780
3689873.983
3690537.892
3691187.891
3691824.241
3692447.417
3693057.766
3693655.513
3694241.100
3694814.839
3695377.035
3695927.877
3696467.764
3696996.959
3697515.646
3698024.175
3698522.796
3699011.672
3699491.121
3699961.381
3700422.580
3700875.027
3701318.930
3701754.411
3702181.746
3702601.131
3703012.675
3703416.634
3703813.187
3704202.427
3704584.595
3704959.790
3705328.226
3705690.063
3706045.387
3706394.397
3706737.180
3707073.994
3707404.789
3707729.875
3708049.198
3708363.062
3708671.471
3708974.591
3709272.486
3709565.322
3709853.150
3710136.130
3710414.364
3710687.898
3710956.833
3711221.315
3711481.429
3711737.271
3711988.832
3712236.341
3712479.784
3712719.248
3712954.855
3713186.680
3713414.760
3713639.167
3713860.016
3714077.377
3714291.275
3714501.823
3714709.045
3714913.041
3715113.842
3715311.537
3715506.159
3715697.760
3715886.437
3716072.243
3716255.197
3716435.390
3716612.836
3716787.590
3716959.732
3717129.312
3717296.346
3717460.878
3717622.987
3717782.687
3717940.051
3718095.091
3718247.852
3718398.401
3718546.777
3718692.990
3718837.085
3718979.119
3719119.108
3719257.108
3719393.136
3719527.218
3719659.419
3719789.745
3719918.252
3720044.949
3720169.865
3720293.057
3720414.530
3720534.312
3720652.456
3720768.988
3720883.893
3720997.241
3721109.058
3721219.348
3721328.138
3721435.452
3721541.333
3721645.788
3721748.859
3721850.547
3721950.876
3722049.869
3722147.568
3722243.989
3722339.119
3722433.017
3722525.682
3722617.151
3722707.410
3722796.529
3722884.477
3722971.302
3723057.009
3723141.612
3723225.148
3723307.617
3723389.035
3723469.418
3723548.798
3723627.174
3723704.564
3723780.994
3723856.469
3723930.999
3724004.602
3724077.303
3724149.092
3724220.018
3724290.060
3724359.239
3724427.586
3724495.097
3724561.798
3724627.675
3724692.768
3724757.074
3724820.603
3724883.371
3724945.397
3725006.681
3725067.236
3725127.070
3725186.195
3725244.631
3725302.378
3725359.446
3725415.845
3725471.583
3725526.681
3725581.138
3725634.951
3725688.163
3725740.749
3725792.731
3725844.124
3725894.918
3725945.142
3725994.792
3726043.878
3726092.417
3726140.397
3726187.836
3726234.750
3726281.135
3726327.002
3726372.358
3726417.206
3726461.557
3726505.423
3726548.797
3726591.699
3726634.123
3726676.088
3726717.593
3726758.645
3726799.249
3726839.412
3726879.140
3726918.444
3726957.317
3726995.779
3727033.821
3727071.463
3727108.694
3727145.535
3727181.986
3727218.042
3727253.723
3727289.028
3727323.961
3727358.525
3727392.728
3727426.573
3727460.065
3727493.208
3727526.006
3727558.466
3727590.589
3727622.386
3727653.850
3727684.992
3727715.814
3727746.322
3727776.518
3727806.407
3727835.993
3727865.285
3727894.275
3727922.973
3727951.383
3727979.506
3728007.349
3728034.909
3728062.199
3728089.217
3728115.968
3728142.454
3728168.673
3728194.639
3728220.349
3728245.801
3728271.006
3728295.968
3728320.682
3728345.156
3728369.394
3728393.396
3728417.165
3728440.707
3728464.021
3728487.113
3728509.978
3728532.630
3728555.060
3728577.278
3728599.285
3728621.084
3728642.675
3728664.064
3728685.251
3728706.236
3728727.023
3728747.620
3728768.022
3728788.233
3728808.252
3728828.090
3728847.745
3728867.214
3728886.503
3728905.615
3728924.552
3728943.315
3728961.905
3728980.324
3728998.576
3729016.661
3729034.583
3729052.344
3729069.940
3729087.377
3729104.659
3729121.785
3729138.756
3729155.577
3729172.246
3729188.766
3729205.136
3729221.365
3729237.447
3729253.388
3729269.188
3729284.846
3729300.370
3729315.755
3729331.003
3729346.121
3729361.104
3729375.957
3729390.683
3729405.278
3729419.749
3729434.094
3729448.312
3729462.411
3729476.387
3729490.242
3729503.980
3729517.599
3729531.102
3729544.490
3729557.764
3729570.925
3729583.976
3729596.914
3729609.743
3729622.465
3729635.080
3729647.589
3729659.990
3729672.291
3729684.488
3729696.584
3729708.577
3729720.472
3729732.268
3729743.966
3729755.570
3729767.074
3729778.485
3729789.802
3729801.027
3729812.160
3729823.202
3729834.152
3729845.015
3729855.790
3729866.476
3729877.075
3729887.591
3729898.020
3729908.367
3729918.628
3729928.808
3729938.905
3729948.923
3729958.860
3729968.718
3729978.499
3729988.199
3729997.825
3730007.372
3730016.846
3730026.245
3730035.570
3730044.822
3730054.000
3730063.107
3730072.143
3730081.108
3730090.002
3730098.828
3730107.587
3730116.276
3730124.898
3730133.454
3730141.944
3730150.368
3730158.727
3730167.022
3730175.255
3730183.424
3730191.529
3730199.574
3730207.559
3730215.482
3730223.343
3730231.147
3730238.891
3730246.577
3730254.204
3730261.775
3730269.289
3730276.746
3730284.148
3730291.495
3730298.786
3730306.023
3730313.207
3730320.338
3730327.415
3730334.440
3730341.413
3730348.335
3730355.207
3730362.027
3730368.797
3730375.518
3730382.190
3730388.812
3730395.387
3730401.915
3730408.394
3730414.826
3730421.212
3730427.552
3730433.846
3730440.095
3730446.299
3730452.457
3730458.573
3730464.644
3730470.671
3730476.656
3730482.598
3730488.499
3730494.356
3730500.173
3730505.948
3730511.683
3730517.376
3730523.031
3730528.643
3730534.220
3730539.754
3730545.251
3730550.710
3730556.130
3730561.512
3730566.857
3730572.165
3730577.437
3730582.671
3730587.870
3730593.031
3730598.159
3730603.251
3730608.307
3730613.330
3730618.317
3730623.270
3730628.190
3730633.076
3730637.929
3730642.748
3730647.535
3730652.290
3730657.013
3730661.703
3730666.361
3730670.989
3730675.585
3730680.151
3730684.686
3730689.190
3730693.664
3730698.109
3730702.524
3730706.910
3730711.266
3730715.593
3730719.892
3730724.162
3730728.404
3730732.618
3730736.805
3730740.964
3730745.094
3730749.200
3730753.277
3730757.327
3730761.351
3730765.350
3730769.322
3730773.269
3730777.189
3730781.084
3730784.954
3730788.799
3730792.619
3730796.415
3730800.186
3730803.933
3730807.656
3730811.355
3730815.030
3730818.682
3730822.310
3730825.916
3730829.498
3730833.058
3730836.595
3730840.110
3730843.602
3730847.073
3730850.521
3730853.949
3730857.354
3730860.738
3730864.101
3730867.442
3730870.763
3730874.063
3730877.342
3730880.601
3730883.840
3730887.058
3730890.257
3730893.435
3730896.595
3730899.735
3730902.855
3730905.956
3730909.038
3730912.101
3730915.145
3730918.171
3730921.178
3730924.167
3730927.137
3730930.090
3730933.025
3730935.941
3730938.840
3730941.721
3730944.585
3730947.432
3730950.262
3730953.074
3730955.869
3730958.648
3730961.410
3730964.155
3730966.884
3730969.598
3730972.294
3730974.974
3730977.639
3730980.288
3730982.920
3730985.538
3730988.140
3730990.726
3730993.297
3730995.853
3730998.394
3731000.920
3731003.432
3731005.928
3731008.410
3731010.877
3731013.330
3731015.768
3731018.193
3731020.603
3731022.999
3731025.382
3731027.750
3731030.105
3731032.446
3731034.774
3731037.088
3731039.389
3731041.676
3731043.951
3731046.213
3731048.461
3731050.697
3731052.920
3731055.130
3731057.328
3731059.513
3731061.686
3731063.845
3731065.994
3731068.130
3731070.253
3731072.365
3731074.465
3731076.553
3731078.629
3731080.694
3731082.747
3731084.789
3731086.818
3731088.837
3731090.845
3731092.841
3731094.826
3731096.800
3731098.764
3731100.715
3731102.657
3731104.588
3731106.507
3731108.417
3731110.316
3731112.204
3731114.082
3731115.949
3731117.806
3731119.654
3731121.491
3731123.318
3731125.135
3731126.942
3731128.739
3731130.526
3731132.305
3731134.072
3731135.831
3731137.580
3731139.320
3731141.050
3731142.770
3731144.482
3731146.184
3731147.877
3731149.561
3731151.236
3731152.903
3731154.559
3731156.207
3731157.847
3731159.478
3731161.100
3731162.713
3731164.318
3731165.914
3731167.502
3731169.081
3731170.652
3731172.215
3731173.770
3731175.315
3731176.853
3731178.383
3731179.906
3731181.420
3731182.926
3731184.424
3731185.915
3731187.397
3731188.872
3731190.339
3731191.798
3731193.251
3731194.695
3731196.132
3731197.561
3731198.983
3731200.398
3731201.805
3731203.205
3731204.598
3731205.984
3731207.363
3731208.734
3731210.098
3731211.456
3731212.807
3731214.150
3731215.487
3731216.817
3731218.140
3731219.456
3731220.766
3731222.069
3731223.366
3731224.656
3731225.939
3731227.216
3731228.487
3731229.751
3731231.008
3731232.259
3731233.505
3731234.744
3731235.976
3731237.203
3731238.423
3731239.637
3731240.845
3731242.047
3731243.243
3731244.434
3731245.618
3731246.796
3731247.968
3731249.135
3731250.296
3731251.451
3731252.600
3731253.744
3731254.882
3731256.015
3731257.142
3731258.263
3731259.379
3731260.489
3731261.594
3731262.694
3731263.788
3731264.877
3731265.960
3731267.038
3731268.111
3731269.179
3731270.242
3731271.299
3731272.351
3731273.398
3731274.440
3731275.478
3731276.510
3731277.537
3731278.559
3731279.576
3731280.589
3731281.596
3731282.598
3731283.596
3731284.589
3731285.577
3731286.561
3731287.540
3731288.514
3731289.484
3731290.448
3731291.408
3731292.364
3731293.316
3731294.262
3731295.204
3731296.142
3731297.075
3731298.004
3731298.929
3731299.849
3731300.765
3731301.676
3731302.584
3731303.486
3731304.385
3731305.280
3731306.170
3731307.056
3731307.938
3731308.816
3731309.689
3731310.559
3731311.425
3731312.287
3731313.144
3731313.998
3731314.847
3731315.693
3731316.535
3731317.373
3731318.207
3731319.037
3731319.863
3731320.686
3731321.504
3731322.319
3731323.131
3731323.938
3731324.742
3731325.542
3731326.338
3731327.131
3731327.920
3731328.706
3731329.488
3731330.266
3731331.041
3731331.812
3731332.580
3731333.345
3731334.105
3731334.863
3731335.617
3731336.368
3731337.115
3731337.858
3731338.599
3731339.336
3731340.070
3731340.800
3731341.527
3731342.251
3731342.972
3731343.689
3731344.403
3731345.115
3731345.822
3731346.527
3731347.228
3731347.927
3731348.622
3731349.314
3731350.003
3731350.689
3731351.372
3731352.052
3731352.729
3731353.403
3731354.073
3731354.741
3731355.406
3731356.068
3731356.728
3731357.384
3731358.037
3731358.687
3731359.335
3731359.980
3731360.621
3731361.260
3731361.896
3731362.530
3731363.161
3731363.789
3731364.414
3731365.036
3731365.656
3731366.273
3731366.887
3731367.499
3731368.108
3731368.714
3731369.318
3731369.919
3731370.517
3731371.113
3731371.706
3731372.297
3731372.885
3731373.471
3731374.054
3731374.634
3731375.212
3731375.788
3731376.361
3731376.932
3731377.499
3731378.065
3731378.628
3731379.189
3731379.748
3731380.304
3731380.857
3731381.409
3731381.958
3731382.504
3731383.048
3731383.590
3731384.130
3731384.667
3731385.202
3731385.735
3731386.265
3731386.793
3731387.319
3731387.843
3731388.364
3731388.884
3731389.401
3731389.916
3731390.428
3731390.939
