3000.000000
3000.000000
3000.000000
3000.000000
3000.000000
3000.000000
3000.000000
3000.000000
3000.000000
3000.000000
3000.000000
3000.000000
3000.000000
3000.000000
3000.000000
3000.000000
3000.000000
3000.000000
3000.000000
3000.000000
3000.000000
3000.000000
3000.000000
3000.000000
3000.000000
3000.000000
3000.000000
3000.000000
3000.000000
3000.000000
3000.000000
3000.000000
3000.000000
3000.000000
3000.000000
3000.000000
3000.000000
3000.000000
3000.000000
3000.000000
3000.000000
3000.000000
3000.000000
3000.000000
3000.000000
3000.000000
3000.000000
3000.000000
3000.000000
3000.000000
3000.000000
3000.000000
3000.000000
3000.000000
3000.000000
3000.000000
3000.000000
3000.000000
3000.000000
3000.000000
3000.000000
3000.000000
3000.000000
3000.000000
3000.000000
3000.000000
3000.000000
3000.000000
3000.000000
3000.000000
3000.000000
3000.000000
3000.000000
3000.000000
3000.000000
3000.000000
3000.000000
3000.000000
3000.000000
3000.000000
3000.000000
3000.000000
3000.000000
3000.000000
3000.000000
3000.000000
3000.000000
3000.000000
3000.000000
3000.000000
3000.000000
3000.000000
3000.000000
3000.000000
3000.000000
3000.000000
3000.000000
3000.000000
3000.000000
3000.000000
3000.000000
3000.000000
3000.000000
3000.000000
3000.000000
3000.000000
3000.000000
3000.000000
3000.000000
3000.000000
3000.000000
3000.000000
3000.000000
3000.000000
3000.000000
3000.000000
3000.000000
3000.000000
3000.000000
3000.000000
3000.000000
3000.000000
3000.000000
3000.000000
3000.000000
3000.000000
3000.000000
3000.000000
3000.000000
3000.000000
3000.000000
3000.000000
3000.000000
3000.000000
3000.000000
3000.000000
3000.000000
3000.000000
3000.000000
3000.000000
3000.000000
3000.000000
3000.000000
3000.000000
3000.000000
3000.000000
3000.000000
3000.000000
3000.000000
3000.000000
3000.000000
3000.000000
3000.000000
3000.000000
3000.000000
3000.000000
3000.000000
3000.000000
3000.000000
3000.000000
3000.000000
3000.000000
3000.000000
3000.000000
3000.000000
3000.000000
3000.000000
3000.000000
3000.000000
3000.000000
3000.000000
3000.000000
3000.000000
3000.000000
3000.000000
3000.000000
3000.000000
3000.000000
3000.000000
3000.000000
3000.000000
3000.000000
3000.000000
3000.000000
3000.000000
3000.000000
3000.000000
3000.000000
3000.000000
3000.000000
3000.000000
3000.000000
3000.000000
3000.000000
3000.000000
3000.000000
3000.000000
3000.000000
3000.000000
3000.000000
3000.000000
3000.000000
3000.000000
3000.000000
3000.000000
3000.000000
3000.000000
3000.000000
3000.000000
3000.000000
3000.000000
3000.000000
3000.000000
3000.000000
3000.000000
3000.000000
3000.000000
3000.000000
3000.000000
3000.000000
3000.000000
3000.000000
3000.000000
3000.000000
3000.000000
3000.000000
3000.000000
3000.000000
3000.000000
3000.000000
3000.000000
3000.000000
3000.000000
3000.000000
3000.000000
3000.000000
3000.000000
3000.000000
3000.000000
3000.000000
3000.000000
3000.000000
3000.000000
3000.000000
3000.000000
3000.000000
3000.000000
3000.000000
3000.000000
3000.000000
3000.000000
3000.000000
3000.000000
3000.000000
3000.000000
3000.000000
3000.000000
3000.000000
3000.000000
3000.000000
3000.000000
3000.000000
3000.000000
3000.000000
3000.000000
3000.000000
3000.000000
3000.000000
3000.000000
3000.000000
3000.000000
3000.000000
3000.000000
3000.000000
3000.000000
3000.000000
3000.000000
3000.000000
3000.000000
3000.000000
3000.000000
3000.000000
3000.000000
3000.000000
3000.000000
2999.999557
2999.998005
2999.995322
2999.991509
2999.986558
2999.980449
2999.973173
2999.964715
2999.955042
2999.944142
2999.931980
2999.918533
2999.903755
2999.887609
2999.870048
2999.851032
2999.830497
2999.808384
2999.784629
2999.759146
2999.731866
2999.702685
2999.671498
2999.638197
2999.602652
2999.564715
2999.524230
2999.481011
2999.434844
2999.385510
2999.332740
2999.276220
2999.215599
2999.150472
2999.080350
2999.004673
2998.923008
2998.838349
2998.751748
2998.663135
2998.572462
2998.479671
2998.384711
2998.287500
2998.187984
2998.086105
2997.981777
2997.874936
2997.765520
2997.653432
2997.538603
2997.420964
2997.300405
2997.176851
2997.050224
2996.920407
2996.787311
2996.650837
2996.510895
2996.367345
2996.220095
2996.069035
2995.914020
2995.754936
2995.591668
2995.424051
2995.251959
2995.075261
2994.893773
2994.707354
2994.515855
2994.319070
2994.116841
2993.908981
2993.695319
2993.475612
2993.249672
2993.017306
2992.778242
2992.532264
2992.279151
2992.018598
2991.750363
2991.474190
2991.189734
2990.896719
2990.594855
2990.283750
2989.963085
2989.632495
2989.291635
2988.940039
2988.577323
2988.203087
2987.816802
2987.418020
2987.006280
2986.580975
2986.141590
2985.687587
2985.218265
2984.733028
2984.231244
2983.712107
2983.174917
2982.618883
2982.043231
2981.446971
2980.829236
2980.189102
2979.525425
2978.837167
2978.123245
2977.382301
2976.613105
2975.814359
2974.984458
2974.121926
2973.225205
2972.292377
2971.321666
2970.311078
2969.258604
2968.161782
2967.018291
2965.825658
2964.580889
2963.281121
2961.923287
2960.503702
2959.018787
2957.464700
2955.836839
2954.130680
2952.341331
2950.468177
2948.545383
2946.579771
2944.570690
2942.517119
2940.418531
2938.274043
2936.083110
2933.844839
2931.558447
2929.223588
2926.838991
2924.404405
2921.919239
2919.382146
2916.792984
2914.150870
2911.455189
2908.705671
2905.900733
2903.040783
2900.124029
2897.150799
2894.120026
2891.031545
2887.884087
2884.677369
2881.411079
2878.083666
2874.695929
2871.246153
2867.734465
2864.160341
2860.522404
2856.820697
2853.055325
2849.224654
2845.329584
2841.368311
2837.340743
2833.246806
2829.085357
2824.857352
2820.561573
2816.196539
2811.763209
2807.261352
2802.690683
2798.049376
2793.338440
2788.557430
2783.707581
2778.784776
2773.791889
2768.728283
2763.593152
2758.385491
2753.106512
2747.757698
2742.335299
2736.840460
2731.271440
2725.632795
2719.923044
2714.140120
2708.281206
2702.351735
2696.353944
2690.279716
2684.135708
2677.917816
2671.627376
2665.266198
2658.836996
2652.332060
2645.751034
2639.111166
2632.378834
2625.599028
2618.697211
2611.800480
2617.246516
2622.600841
2627.943893
2633.227194
2638.497895
2643.692725
2648.865053
2653.982950
2659.049494
2664.084438
2669.067271
2674.006880
2678.909135
2683.759340
2688.564351
2693.323705
2698.042014
2702.713387
2707.337687
2711.918876
2716.452305
2720.941570
2725.386080
2729.785324
2734.138913
2738.446488
2742.707775
2746.925222
2751.098271
2755.224046
2759.304806
2763.342436
2767.334253
2771.280066
2775.181661
2779.036815
2782.849070
2786.616242
2790.339811
2794.017842
2797.651810
2801.242971
2804.789550
2808.291442
2811.749901
2815.166020
2818.538291
2821.867823
2825.154446
2828.398032
2831.599581
2834.758925
2837.876970
2840.951598
2843.985698
2846.979095
2849.930775
2852.841579
2855.711458
2858.541983
2861.331479
2864.082233
2866.793402
2869.464968
2872.097624
2874.692009
2877.247449
2879.765840
2882.245905
2884.688853
2887.094122
2889.463386
2891.795565
2894.092251
2896.352433
2898.577629
2900.767376
2902.922187
2905.042968
2907.128897
2909.181709
2911.200597
2913.186425
2915.139239
2917.059837
2918.948250
2920.804562
2922.629838
2924.409093
2926.132908
2927.803101
2929.422291
2930.992639
2932.515916
2933.994591
2935.429958
2936.824247
2938.178585
2939.494763
2940.774244
2942.018198
2943.228390
2944.405628
2945.551332
2946.666627
2947.752602
2948.810285
2949.840467
2950.844468
2951.822816
2952.776547
2953.706319
2954.613249
2955.497761
2956.360731
2957.202858
2958.024794
2958.827031
2959.610323
2960.375260
2961.122394
2961.852271
2962.565274
2963.262040
2963.943044
2964.608628
2965.259475
2965.895777
2966.518071
2967.126636
2967.721972
2968.304449
2968.874422
2969.432233
2969.978118
2970.512498
2971.035682
2971.547880
2972.049474
2972.540744
2973.021870
2973.493209
2973.955011
2974.407523
2974.850895
2975.285450
2975.711399
2976.128889
2976.538204
2976.939544
2977.333041
2977.718949
2978.097461
2978.468679
2978.832854
2979.190152
2979.540670
2979.884632
2980.222194
2980.553446
2980.878593
2981.197778
2981.511077
2981.818684
2982.120678
2982.417232
2982.708475
2982.994475
2983.275393
2983.551298
2983.822400
2984.088657
2984.350319
2984.607342
2984.859971
2985.108209
2985.352190
2985.591965
2985.827669
2986.059342
2986.287112
2986.511063
2986.731231
2986.947695
2987.160577
2987.369943
2987.575870
2987.778352
2987.977571
2988.173519
2988.366263
2988.555903
2988.742498
2988.926080
2989.106705
2989.284467
2989.459420
2989.631587
2989.801057
2989.967850
2990.132046
2990.293670
2990.452795
2990.609446
2990.763666
2990.915532
2991.065088
2991.212347
2991.357384
2991.500211
2991.640870
2991.779427
2991.915922
2992.050368
2992.182799
2992.313280
2992.441823
2992.568485
2992.693277
2992.816234
2992.937411
2993.056838
2993.174526
2993.290508
2993.404831
2993.517508
2993.628584
2993.738073
2993.845995
2993.952404
2994.057303
2994.160739
2994.262717
2994.363262
2994.462418
2994.560192
2994.656605
2994.751699
2994.845495
2994.937982
2995.029217
2995.119218
2995.207990
2995.295555
2995.381932
2995.467156
2995.551232
2995.634193
2995.716042
2995.796796
2995.876476
2995.955114
2996.032723
2996.109294
2996.184872
2996.259458
2996.333081
2996.405731
2996.477463
2996.548251
2996.618138
2996.687123
2996.755220
2996.822458
2996.888837
2996.954370
2997.019071
2997.082964
2997.146049
2997.208339
2997.269858
2997.330607
2997.390597
2997.449840
2997.508357
2997.566140
2997.623228
2997.679605
2997.735287
2997.790299
2997.844639
2997.898326
2997.951351
2998.003745
2998.055504
2998.106639
2998.157161
2998.207085
2998.256413
2998.305154
2998.353314
2998.400904
2998.447939
2998.494420
2998.540353
2998.585749
2998.630612
2998.674961
2998.718793
2998.762107
2998.804938
2998.847264
2998.889104
2998.930470
2998.971355
2999.011780
2999.051743
2999.091252
2999.130321
2999.168941
2999.207124
2999.244885
2999.282221
2999.319139
2999.355646
2999.391744
2999.427442
2999.462750
2999.497661
2999.532194
2999.566341
2999.600118
2999.633525
2999.666568
2999.699250
2999.731577
2999.763554
2999.795190
2999.826479
2999.857437
2999.888057
2999.918355
2999.948322
2999.977976
3000.007315
3000.036336
3000.065056
3000.093473
3000.121591
3000.149411
3000.176941
3000.204183
3000.231141
3000.257817
3000.284217
3000.310344
3000.336199
3000.361793
3000.387119
3000.412185
3000.436993
3000.461549
3000.485853
3000.509912
3000.533725
3000.557302
3000.580636
3000.603735
3000.626602
3000.649239
3000.671650
3000.693832
3000.715798
3000.737545
3000.759077
3000.780395
3000.801499
3000.822399
3000.843093
3000.863580
3000.883866
3000.903958
3000.923851
3000.943550
3000.963059
3000.982378
3001.001511
3001.020459
3001.039225
3001.057811
3001.076215
3001.094448
3001.112502
3001.130385
3001.148098
3001.165644
3001.183023
3001.200239
3001.217293
3001.234183
3001.250915
3001.267494
3001.283915
3001.300183
3001.316296
3001.332264
3001.348084
3001.363754
3001.379280
3001.394663
3001.409906
3001.425008
3001.439971
3001.454796
3001.469487
3001.484044
3001.498470
3001.512765
3001.526929
3001.540964
3001.554874
3001.568659
3001.582318
3001.595857
3001.609274
3001.622571
3001.635748
3001.648810
3001.661755
3001.674585
3001.687303
3001.699906
3001.712401
3001.724785
3001.737058
3001.749226
3001.761286
3001.773242
3001.785095
3001.796842
3001.808490
3001.820036
3001.831480
3001.842828
3001.854078
3001.865229
3001.876287
3001.887249
3001.898118
3001.908894
3001.919578
3001.930171
3001.940676
3001.951090
3001.961415
3001.971656
3001.981810
3001.991878
3002.001860
3002.011761
3002.021578
3002.031314
3002.040967
3002.050541
3002.060036
3002.069452
3002.078792
3002.088051
3002.097236
3002.106345
3002.115381
3002.124341
3002.133229
3002.142043
3002.150786
3002.159459
3002.168060
3002.176592
3002.185056
3002.193450
3002.201778
3002.210037
3002.218231
3002.226358
3002.234421
3002.242420
3002.250355
3002.258227
3002.266035
3002.273783
3002.281467
3002.289093
3002.296658
3002.304163
3002.311611
3002.318998
3002.326329
3002.333601
3002.340817
3002.347976
3002.355080
3002.362130
3002.369124
3002.376064
3002.382950
3002.389784
3002.396565
3002.403293
3002.409970
3002.416596
3002.423171
3002.429695
3002.436171
3002.442597
3002.448975
3002.455302
3002.461583
3002.467816
3002.474003
3002.480142
3002.486236
3002.492284
3002.498287
3002.504244
3002.510158
3002.516027
3002.521851
3002.527634
3002.533373
3002.539069
3002.544724
3002.550337
3002.555908
3002.561439
3002.566929
3002.572378
3002.577788
3002.583158
3002.588488
3002.593780
3002.599034
3002.604249
3002.609426
3002.614567
3002.619670
3002.624736
3002.629766
3002.634759
3002.639716
3002.644639
3002.649525
3002.654377
3002.659194
3002.663977
3002.668726
3002.673440
3002.678122
3002.682771
3002.687387
3002.691969
3002.696521
3002.701038
3002.705527
3002.709981
3002.714406
3002.718800
3002.723162
3002.727494
3002.731797
3002.736069
3002.740312
3002.744525
3002.748709
3002.752864
3002.756991
3002.761090
3002.765160
3002.769202
3002.773217
3002.777204
3002.781163
3002.785096
3002.789002
3002.792881
3002.796734
3002.800561
3002.804363
3002.808138
3002.811888
3002.815612
3002.819312
3002.822987
3002.826637
3002.830262
3002.833863
3002.837441
3002.840995
3002.844525
3002.848031
3002.851514
3002.854974
3002.858411
3002.861826
3002.865217
3002.868587
3002.871935
3002.875260
3002.878564
3002.881846
3002.885106
3002.888345
3002.891563
3002.894760
3002.897937
3002.901092
3002.904228
3002.907343
3002.910437
3002.913512
3002.916567
3002.919603
3002.922619
3002.925615
3002.928593
3002.931551
3002.934491
3002.937410
3002.940313
3002.943196
3002.946062
3002.948909
3002.951738
3002.954549
3002.957342
3002.960118
3002.962876
3002.965617
3002.968341
3002.971048
3002.973737
3002.976410
3002.979066
3002.981706
3002.984329
3002.986936
3002.989526
3002.992101
3002.994659
3002.997202
3002.999730
3003.002241
3003.004737
3003.007217
3003.009683
3003.012134
3003.014569
3003.016989
3003.019395
3003.021786
3003.024162
3003.026525
3003.028872
3003.031205
3003.033524
3003.035830
3003.038121
3003.040399
3003.042662
3003.044912
3003.047149
3003.049372
3003.051582
3003.053778
3003.055962
3003.058132
3003.060290
3003.062434
3003.064567
3003.066686
3003.068792
3003.070887
3003.072969
3003.075038
3003.077095
3003.079140
3003.081174
3003.083195
3003.085205
3003.087202
3003.089188
3003.091162
3003.093125
3003.095076
3003.097016
3003.098945
3003.100863
3003.102769
3003.104665
3003.106549
3003.108422
3003.110285
3003.112137
3003.113978
3003.115809
3003.117630
3003.119440
3003.121239
3003.123028
3003.124807
3003.126576
3003.128335
3003.130084
3003.131822
3003.133551
3003.135271
3003.136980
3003.138679
3003.140370
3003.142050
3003.143722
3003.145384
3003.147036
3003.148679
3003.150313
3003.151938
3003.153554
3003.155161
3003.156759
3003.158347
3003.159928
3003.161499
3003.163061
3003.164616
3003.166161
3003.167698
3003.169226
3003.170746
3003.172257
3003.173760
3003.175255
3003.176742
3003.178221
3003.179692
3003.181154
3003.182609
3003.184055
3003.185494
3003.186925
3003.188348
3003.189764
3003.191171
3003.192571
3003.193964
3003.195349
3003.196726
3003.198097
3003.199460
3003.200815
3003.202163
3003.203504
3003.204838
3003.206164
3003.207484
3003.208797
3003.210102
3003.211401
3003.212692
3003.213977
3003.215255
3003.216526
3003.217791
3003.219048
3003.220300
3003.221544
3003.222782
3003.224014
3003.225239
3003.226458
3003.227670
3003.228876
3003.230076
3003.231269
3003.232456
3003.233637
3003.234812
3003.235980
3003.237143
3003.238299
3003.239450
3003.240595
3003.241733
3003.242866
3003.243993
3003.245114
3003.246229
3003.247339
3003.248443
3003.249541
3003.250634
3003.251721
3003.252803
3003.253878
3003.254949
3003.256014
3003.257073
3003.258128
3003.259177
3003.260220
3003.261259
3003.262291
3003.263319
3003.264342
3003.265359
3003.266372
3003.267379
3003.268381
3003.269378
3003.270370
3003.271357
3003.272339
3003.273316
3003.274289
3003.275257
3003.276219
3003.277178
3003.278131
3003.279079
3003.280023
3003.280962
3003.281896
3003.282826
3003.283751
3003.284672
3003.285588
3003.286499
3003.287406
3003.288309
3003.289207
3003.290101
3003.290990
3003.291875
3003.292756
3003.293632
3003.294504
3003.295372
3003.296236
3003.297095
3003.297950
3003.298801
3003.299649
3003.300491
3003.301330
3003.302165
3003.302996
3003.303822
3003.304645
3003.305464
3003.306279
3003.307089
3003.307896
3003.308700
3003.309499
3003.310294
3003.311086
3003.311874
3003.312658
3003.313438
3003.314215
3003.314988
3003.315757
3003.316523
3003.317285
3003.318043
3003.318798
3003.319549
3003.320297
3003.321041
3003.321781
3003.322519
3003.323252
3003.323982
3003.324709
3003.325433
3003.326153
3003.326869
3003.327582
3003.328292
3003.328999
3003.329702
3003.330402
3003.331099
3003.331792
3003.332483
3003.333170
3003.333854
3003.334534
3003.335212
3003.335886
3003.336558
3003.337226
3003.337891
3003.338553
3003.339212
3003.339868
3003.340521
3003.341171
3003.341818
3003.342462
3003.343103
3003.343741
3003.344376
3003.345008
3003.345638
3003.346264
3003.346888
3003.347509
3003.348127
3003.348742
3003.349354
3003.349964
3003.350571
3003.351175
3003.351776
3003.352375
3003.352971
3003.353564
3003.354155
3003.354743
3003.355328
3003.355911
3003.356491
3003.357068
3003.357643
3003.358216
3003.358785
3003.359352
3003.359917
3003.360479
3003.361039
3003.361596
3003.362150
3003.362703
3003.363252
3003.363799
3003.364344
3003.364887
3003.365427
3003.365964
3003.366500
3003.367032
3003.367563
3003.368091
3003.368617
3003.369140
3003.369661
3003.370181
3003.370697
3003.371211
3003.371723
3003.372233
3003.372741
3003.373246
3003.373749
3003.374251
3003.374749
3003.375246
3003.375741
3003.376233
3003.376723
3003.377211
3003.377697
3003.378181
3003.378662
3003.379142
3003.379619
3003.380095
3003.380568
3003.381040
3003.381509
3003.381976
3003.382441
3003.382905
3003.383366
3003.383825
3003.384282
3003.384737
3003.385191
3003.385642
3003.386092
3003.386539
3003.386985
3003.387429
3003.387871
3003.388310
3003.388748
3003.389184
3003.389619
3003.390051
3003.390482
3003.390911
3003.391338
3003.391763
3003.392186
3003.392608
3003.393027
3003.393445
3003.393862
3003.394276
3003.394689
3003.395100
