0.08907607943
0.08907607943
0.08907607943
0.08907607943
0.08907607943
0.08907607943
0.08907607943
0.08907607943
0.08907607943
0.08907607943
0.08907607943
0.08907607943
0.08907607943
0.08907607943
0.08907607943
0.08907607943
0.08907607943
0.08907607943
0.08907607943
0.08907607943
0.08907607943
0.08907607943
0.08907607943
0.08907607943
0.08907607943
0.08907607943
0.08907607943
0.08907607943
0.08907607943
0.08907607943
0.08907607943
0.08907607943
0.08907607943
0.08907607943
0.08907607943
0.08907607943
0.08907607943
0.08907607943
0.08907607943
0.08907607943
0.08907607943
0.08907607943
0.08907607943
0.08907607943
0.08907607943
0.08907607943
0.08907607943
0.08907607943
0.08907607943
0.08907607943
0.08907607943
0.08907607943
0.08907607943
0.08907607943
0.08907607943
0.08907607943
0.08907607943
0.08907607943
0.08907607943
0.08907607943
0.08907607943
0.08907607943
0.08907607943
0.08907607943
0.08907607943
0.08907607943
0.08907607943
0.08907607943
0.08907607943
0.08907607943
0.08907607943
0.08907607943
0.08907607943
0.08907607943
0.08907607943
0.08907607943
0.08907607943
0.08907607943
0.08907607943
0.08907607943
0.08907607943
0.08907607943
0.08907607943
0.08907607943
0.08907607943
0.08907607943
0.08907607943
0.08907607943
0.08907607943
0.08907607943
0.08907607943
0.08907607943
0.08907607943
0.08907607943
0.08907607943
0.08907607943
0.08907607943
0.08907607943
0.08907607943
0.08907607943
0.08907607943
0.08907607943
0.08907607943
0.08907607943
0.08907607943
0.08907607943
0.08907607943
0.08907607943
0.08907607943
0.08907607943
0.08907607943
0.08907607943
0.08907607943
0.08907607943
0.08907607943
0.08907607943
0.08907607943
0.08907607943
0.08907607943
0.08907607943
0.08907607943
0.08907607943
0.08907607943
0.08907607943
0.08907607943
0.08907607943
0.08907607943
0.08907607943
0.08907607943
0.08907607943
0.08907607943
0.08907607943
0.08907607943
0.08907607943
0.08907607943
0.08907607943
0.08907607943
0.08907607943
0.08907607943
0.08907607943
0.08907607943
0.08907607943
0.08907607943
0.08907607943
0.08907607943
0.08907607943
0.08907607943
0.08907607943
0.08907607943
0.08907607943
0.08907607943
0.08907607943
0.08907607943
0.08907607943
0.08907607943
0.08907607943
0.08907607943
0.08907607943
0.08907607943
0.08907607943
0.08907607943
0.08907607943
0.08907607943
0.08907607943
0.08907607943
0.08907607943
0.08907607943
0.08907607943
0.08907607943
0.08907607943
0.08907607943
0.08907607943
0.08907607943
0.08907607943
0.08907607943
0.08907607943
0.08907607943
0.08907607943
0.08907607943
0.08907607943
0.08907607943
0.08907607943
0.08907607943
0.08907607943
0.08907607943
0.08907607943
0.08907607943
0.08907607943
0.08907607943
0.08907607943
0.08907607943
0.08907607943
0.08907607943
0.08907607943
0.08907607943
0.08907607943
0.08907607943
0.08907607943
0.08907607943
0.08907607943
0.08907607943
0.08907607943
0.08907607943
0.08907607943
0.08907607943
0.08907607943
0.08907607943
0.08907607943
0.08907607943
0.08907607943
0.08907607943
0.08907607943
0.08907607943
0.08907607943
0.08907607943
0.08907607943
0.08907607943
0.08907607943
0.08907607943
0.08907607943
0.08907607943
0.08907607943
0.08907607943
0.08907607943
0.08907607943
0.08907607943
0.08907607943
0.08907607943
0.08907607943
0.08907607943
0.08907607943
0.08907607943
0.08907607943
0.08907607943
0.08907607943
0.08907607943
0.08907607943
0.08907607943
0.08907607943
0.08907607943
0.08907607943
0.08907607943
0.08907607943
0.08907607943
0.08907607943
0.08907607943
0.08907607943
0.08907607943
0.08907607943
0.08907607943
0.08907607943
0.08907607943
0.08907607943
0.08907607943
0.08907607943
0.08907607943
0.08907607943
0.08907607943
0.08907607943
0.08907607943
0.08907607943
0.08907607943
0.08907607943
0.08907607943
0.08907607943
0.08907607943
0.08907607943
0.08907607943
0.08907607943
0.08907607943
0.08907607943
0.08907607943
0.08907607943
0.08907607943
0.08907607943
0.08907607943
0.08907607943
0.08907607943
0.08907607943
0.08907607943
0.08907607943
0.08907607943
0.08907607943
0.08907607943
0.08907607943
0.08908160776
0.08910099417
0.08913447708
0.08918205649
0.08924379200
0.08931990713
0.08941049129
0.08951566368
0.08963579684
0.08977096528
0.08992155641
0.09008776397
0.09027007967
0.09046884626
0.09068454057
0.09091753513
0.09116847068
0.09143792838
0.09172651917
0.09203509241
0.09236430377
0.09271515161
0.09308867902
0.09348586947
0.09390798956
0.09435645491
0.09483269602
0.09533850104
0.09587586671
0.09644680470
0.09705381840
0.09769979864
0.09838796407
0.09912199527
0.09990633279
0.1007459834
0.1016443446
0.1025673822
0.1035031304
0.1044520065
0.1054141447
0.1063898131
0.1073791757
0.1083826944
0.1094005480
0.1104329154
0.1114802584
0.1125428155
0.1136207506
0.1147145852
0.1158245429
0.1169508323
0.1180940196
0.1192543283
0.1204319969
0.1216276065
0.1228414252
0.1240738407
0.1253251061
0.1265958920
0.1278864518
0.1291971281
0.1305285767
0.1318811402
0.1332551464
0.1346513256
0.1360700354
0.1375116482
0.1389769539
0.1404663399
0.1419802383
0.1435194835
0.1450845078
0.1466759220
0.1482941881
0.1499402598
0.1516146436
0.1533178315
0.1550508663
0.1568143144
0.1586087421
0.1604352668
0.1622944996
0.1641870961
0.1661142781
0.1680767164
0.1700751409
0.1721108779
0.1741847023
0.1762976423
0.1784505025
0.1806448027
0.1828814372
0.1851613596
0.1874861941
0.1898569986
0.1922748163
0.1947414652
0.1972581074
0.1998259500
0.2024470046
0.2051225826
0.2078540698
0.2106437013
0.2134929672
0.2164037302
0.2193776295
0.2224172577
0.2255244181
0.2287010327
0.2319499627
0.2352733389
0.2386733368
0.2421532348
0.2457154766
0.2493626252
0.2530983910
0.2569256499
0.2608473822
0.2648678645
0.2689904496
0.2732191011
0.2775575295
0.2820109501
0.2865836099
0.2912799791
0.2961061522
0.3010672256
0.3061686233
0.3114175573
0.3168202564
0.3223833367
0.3281154856
0.3340243772
0.3401182517
0.3463904038
0.3527208492
0.3590852395
0.3654844090
0.3719203100
0.3783932701
0.3849046752
0.3914548382
0.3980450854
0.4046763554
0.4113483056
0.4180632159
0.4248204306
0.4316202775
0.4384650961
0.4453539327
0.4522878304
0.4592671022
0.4662911817
0.4733628407
0.4804797992
0.4876452759
0.4948572442
0.5021171048
0.5094240978
0.5167800710
0.5241845474
0.5316371545
0.5391403362
0.5466912314
0.5542926416
0.5619432703
0.5696432963
0.5773947164
0.5851964876
0.5930475071
0.6009503081
0.6089021936
0.6169060394
0.6249612197
0.6330671236
0.6412252709
0.6494330987
0.6576923206
0.6660051122
0.6743690148
0.6827838942
0.6912497506
0.6997694299
0.7083405629
0.7169635072
0.7256356403
0.7343639061
0.7431428060
0.7519731447
0.7608560249
0.7697928771
0.7787813619
0.7878187820
0.7969112918
0.8060567752
0.8152579591
0.8245072290
0.8338070139
0.8431606516
0.8525726125
0.8620341644
0.8715418801
0.8811087087
0.8907242492
0.9003950730
0.9101192430
0.9198941663
0.9297159687
0.9395966753
0.9495370016
0.9595113024
0.9695703164
0.9796472117
0.9898528531
1.000000009
1.008041242
1.016042484
1.024123743
1.032212257
1.040380842
1.048531572
1.056748075
1.064980132
1.073232273
1.081537004
1.089860775
1.098218361
1.106620044
1.115040802
1.123492296
1.131973784
1.140493652
1.149041391
1.157616627
1.166226705
1.174862884
1.183531975
1.192232829
1.200964455
1.209725968
1.218516554
1.227335470
1.236187671
1.245071988
1.253982052
1.262922516
1.271897414
1.280900643
1.289931440
1.298993629
1.308081741
1.317203863
1.326354492
1.335536937
1.344746066
1.353985135
1.363257011
1.372556774
1.381883594
1.391240282
1.400629424
1.410046400
1.419493741
1.428970456
1.438475571
1.448011370
1.457576826
1.467174062
1.476795824
1.486450410
1.496136653
1.505850535
1.515593969
1.525365980
1.535171116
1.545002742
1.554868024
1.564763123
1.574686976
1.584641158
1.594627121
1.604641255
1.614689947
1.624767093
1.634876461
1.645014531
1.655187284
1.665388862
1.675625016
1.685890032
1.696189481
1.706519951
1.716882430
1.727280053
1.737707315
1.748171418
1.758666929
1.769196752
1.779759611
1.790358268
1.800991395
1.811657718
1.822361767
1.833011386
1.843540960
1.853950686
1.864246155
1.874430887
1.884506423
1.894479503
1.904349581
1.914123043
1.923799111
1.933382103
1.942874495
1.952276997
1.961595181
1.970827898
1.979978863
1.989050058
1.998043377
2.006960625
2.015801979
2.024572269
2.033269973
2.041898206
2.050456951
2.058950701
2.067377776
2.075741061
2.084041846
2.092281370
2.100459368
2.108578478
2.116639830
2.124644522
2.132593581
2.140486617
2.148326055
2.156112849
2.163846558
2.171530827
2.179163763
2.186747630
2.194281897
2.201768688
2.209208818
2.216603028
2.223952063
2.231255303
2.238514765
2.245731157
2.252903824
2.260034713
2.267124461
2.274172378
2.281180375
2.288149000
2.295078855
2.301969196
2.308821847
2.315637338
2.322414944
2.329156399
2.335862198
2.342531616
2.349166316
2.355766776
2.362332253
2.368864357
2.375363548
2.381829047
2.388262447
2.394664156
2.401033411
2.407371736
2.413679536
2.419956034
2.426202733
2.432418837
2.438605868
2.444764127
2.450892852
2.456993496
2.463065261
2.469110677
2.475126756
2.481117088
2.487078718
2.493015169
2.498924599
2.504808353
2.510665635
2.516497790
2.522304040
2.528085693
2.533843016
2.539575211
2.545282527
2.550966256
2.556626662
2.562263941
2.567876305
2.573467046
2.579034358
2.584578454
2.590100573
2.595600927
2.601078719
2.606534181
2.611968496
2.617381879
2.622773531
2.628144658
2.633494426
2.638824057
2.644132720
2.649421599
2.654689899
2.659937797
2.665166442
2.670376012
2.675565710
2.680736669
2.685888092
2.691020158
2.696133961
2.701229681
2.706306502
2.711364619
2.716405112
2.721427184
2.726431933
2.731418562
2.736387212
2.741338982
2.746273976
2.751191435
2.756091517
2.760975213
2.765841816
2.770692299
2.775525935
2.780342850
2.785144052
2.789928779
2.794698059
2.799451112
2.804188063
2.808909902
2.813615886
2.818306139
2.822981635
2.827642479
2.832287078
2.836917239
2.841533084
2.846133871
2.850719705
2.855290693
2.859847772
2.864390236
2.868918986
2.873433314
2.877933309
2.882419077
2.886891539
2.891350800
2.895795303
2.900226765
2.904644495
2.909049397
2.913439895
2.917818572
2.922183040
2.926535033
2.930873808
2.935199488
2.939512924
2.943813424
2.948101060
2.952375902
2.956638871
2.960889206
2.965127030
2.969353175
2.973566952
2.977768430
2.981957699
2.986135607
2.990300669
2.994455308
2.998597242
3.002727339
3.006846446
3.010953857
3.015050421
3.019134651
3.023208176
3.027270270
3.031321039
3.035360518
3.039389558
3.043407449
3.047414263
3.051410071
3.055394926
3.059369659
3.063333562
3.067286725
3.071229182
3.075161022
3.079083023
3.082994514
3.086894821
3.090786227
3.094666557
3.098536605
3.102397187
3.106246886
3.110087207
3.113917495
3.117737785
3.121548873
3.125349362
3.129140030
3.132921638
3.136693550
3.140455800
3.144208423
3.147951509
3.151685075
3.155409918
3.159124638
3.162830706
3.166526776
3.170214282
3.173892604
3.177561759
3.181221802
3.184872803
3.188514779
3.192148491
3.195772578
3.199388489
3.202994897
3.206593202
3.210182075
3.213762950
3.217335189
3.220898121
3.224453196
3.227999743
3.231537831
3.235067478
3.238588720
3.242101646
3.245606254
3.249102582
3.252590716
3.256070640
3.259542442
3.263006812
3.266462441
3.269910054
3.273349668
3.276781355
3.280205133
3.283621036
3.287029118
3.290430051
3.293822579
3.297207374
3.300584507
3.303953978
3.307315840
3.310669492
3.314016242
3.317355508
3.320687288
3.324011636
3.327327951
3.330637524
3.333939789
3.337234109
3.340521174
3.343801639
3.347074264
3.350339741
3.353598069
3.356849319
3.360093491
3.363330620
3.366560759
3.369783927
3.372999521
3.376208834
3.379410644
3.382605605
3.385793754
3.388975109
3.392149703
3.395317574
3.398478755
3.401632647
3.404779884
3.407921141
3.411055197
3.414182687
3.417303063
3.420417530
3.423525538
3.426626503
3.429721045
3.432809199
3.435891000
3.438966467
3.442035014
3.445097298
3.448153317
3.451203126
3.454246724
3.457284146
3.460314826
3.463339383
3.466357836
3.469370237
3.472375985
3.475376300
3.478370033
3.481357784
3.484339007
3.487314885
3.490284287
3.493247796
3.496205466
3.499156731
3.502102775
3.505042431
3.507975771
3.510903943
3.513825833
3.516742044
3.519652574
3.522556875
3.525456151
3.528349234
3.531236177
3.534118147
3.536993995
3.539863773
3.542728615
3.545587440
3.548440797
3.551288739
3.554130719
3.556967301
3.559798521
3.562623832
3.565443834
3.568258527
3.571067947
3.573871528
3.576669323
3.579462446
3.582249818
3.585032005
3.587808477
3.590579800
3.593346009
3.596106555
3.598862571
3.601612412
3.604357210
3.607096982
3.609831746
3.612560972
3.615285226
3.618003976
3.620717790
3.623426684
3.626130146
3.628828706
3.631522418
3.634210750
3.636894234
3.639572392
3.642245736
3.644913773
3.647577049
3.650235583
3.652888861
3.655537433
3.658180766
3.660819446
3.663452924
3.666081765
3.668705988
3.671325062
3.673939553
3.676548929
3.679153759
3.681753509
3.684348730
3.686938925
3.689524626
3.692105850
3.694682084
3.697253327
3.699820165
3.702382561
3.704940056
3.707492631
3.710040836
3.712584688
3.715123691
3.717657828
3.720187665
3.722713203
3.725233945
3.727749909
3.730261608
3.732768566
3.735271294
3.737769298
3.740263108
3.742752228
3.745237191
3.747717464
3.750193614
3.752665128
3.755132024
3.757594832
3.760053552
3.762507176
3.764957262
3.767402268
3.769843276
3.772280249
3.774712728
3.777140694
3.779564697
3.781984240
3.784399325
3.786810463
3.789217690
3.791619999
3.794018397
3.796412919
3.798803071
3.801188870
3.803570811
3.805948417
3.808321706
3.810691189
3.813056374
3.815417275
3.817774390
3.820127259
3.822476393
3.824820785
3.827161939
3.829498404
3.831831153
3.834159744
3.836484636
3.838804892
3.841121963
3.843434433
3.845743258
3.848047978
3.850348592
3.852645615
3.854938567
3.857227450
3.859512776
3.861794067
3.864071306
3.866344546
3.868614265
3.870879985
3.873141741
3.875399993
3.877654282
3.879904625
3.882151039
3.884394003
3.886633056
3.888868198
3.891099448
3.893327300
3.895551277
3.897771396
3.899987658
3.902200080
3.904409158
3.906614431
3.908815882
3.911014006
3.913207883
3.915398452
3.917585251
3.919768777
3.921948074
3.924124115
3.926296439
3.928465031
3.930629941
3.932791153
3.934949145
3.937103456
3.939253645
3.941401108
3.943544466
3.945684178
3.947820759
3.949953694
3.952083038
3.954208789
3.956330948
3.958449550
3.960565021
3.962676492
3.964784867
3.966889702
3.968991017
3.971088809
3.973183099
3.975274327
3.977361626
3.979445883
3.981526228
3.983603548
3.985677417
3.987747853
3.989814839
3.991878392
3.993938529
3.995995712
3.998049055
4.000099442
4.002145990
4.004189618
4.006229884
4.008266328
4.010299888
4.012330103
4.014356974
4.016380536
4.018400771
4.020417715
4.022431350
4.024441693
4.026448746
4.028452985
4.030453507
4.032450774
4.034444803
4.036436018
4.038423570
4.040407884
4.042388996
4.044367329
4.046342017
4.048313519
4.050282297
4.052247430
4.054209413
4.056168228
4.058124318
4.060076834
4.062026218
4.063972470
4.065915590
4.067855595
4.069792504
4.071726316
4.073657032
4.075584651
4.077509208
4.079430687
4.081348679
4.083264053
4.085175941
4.087085228
4.088991029
4.090894264
4.092794030
4.094690789
4.096584557
4.098475317
4.100363104
4.102247901
4.104129282
4.106008133
4.107883605
4.109756546
4.111626107
4.113492731
4.115356417
4.117217184
4.119075031
4.120929533
4.122781576
4.124630275
4.126476107
4.128319037
4.130159082
4.131996279
4.133830592
4.135661630
4.137489820
4.139315161
4.141137671
4.142957350
4.144774197
4.146587806
4.148398602
4.150206602
4.152011788
4.153814196
4.155613401
4.157409811
4.159203460
4.160994331
4.162782459
4.164567402
4.166350027
4.168129060
4.169905792
4.171679782
4.173450640
4.175218773
4.176984198
4.178746934
4.180506537
4.182263451
4.184017675
4.185768821
4.187517701
4.189263485
4.191006614
4.192746683
4.194484096
4.196218874
4.197950997
4.199680501
4.201406962
4.203130786
4.204851602
4.206569799
4.208285395
4.209998407
4.211708411
4.213416221
4.215120651
4.216822905
4.218522186
4.220218901
4.221912643
4.223603838
4.225292484
4.226978600
4.228661760
4.230342390
4.232020101
4.233695281
4.235367949
4.237037714
4.238704967
4.240369707
4.242031563
4.243690941
4.245347824
4.247001841
4.248653363
4.250302036
4.251948656
4.253592003
4.255232890
4.256871352
4.258507373
4.260140545
4.261771293
4.263399227
4.265024719
4.266647416
4.268267688
4.269885571
4.271500659
4.273113340
4.274723243
4.276330756
4.277935882
4.279538246
4.281137851
4.282735084
4.284329963
4.285922083
4.287511866
4.289098889
4.290683594
4.292265556
4.293845183
4.295422491
4.296997092
4.298568968
4.300138544
4.301705430
4.303269998
4.304832265
4.306391861
4.307948767
4.309503408
4.311055748
4.312605435
4.314152467
4.315697216
4.317239718
4.318779194
4.320316795
4.321851759
4.323384104
4.324914202
4.326441681
4.327966541
4.329489578
4.331009607
4.332527425
4.334043030
4.335555645
4.337066473
4.338574310
4.340080343
4.341583420
4.343084303
4.344583010
4.346078779
4.347572761
4.349063806
4.350552674
4.352039401
4.353523580
4.355005228
4.356484736
4.357961713
4.359436159
4.360908483
4.362378311
4.363845609
4.365310801
4.366773869
4.368234054
4.369692132
4.371148123
4.372601229
4.374052265
4.375501195
4.376947277
4.378391659
4.379833193
4.381272656
4.382709660
4.384144222
4.385576731
4.387006798
4.388434424
4.389859996
4.391283145
4.392703869
4.394122558
4.395538841
4.396952699
4.398364151
4.399773586
4.401180632
4.402585643
4.403987893
4.405388144
4.406786006
4.408181869
4.409574989
4.410966091
4.412355230
4.413741625
4.415126021
4.416508082
4.417887789
4.419265514
4.420640531
4.422013585
4.423384303
4.424753056
4.426119120
4.427483238
4.428845037
4.430204873
4.431562054
4.432917270
4.434270205
4.435620838
4.436969172
4.438315576
4.439659327
4.441001166
4.442340723
4.443678368
4.445013360
4.446346475
4.447676937
4.449005505
4.450331825
4.451656253
4.452978061
4.454297994
4.455615308
4.456930746
4.458243954
4.459555287
4.460864037
4.462170539
4.463475201
4.464777633
4.466077500
4.467375508
4.468671305
4.469965261
4.471256651
4.472545848
4.473833204
4.475118012
4.476400997
4.477681788
4.478960403
4.480236841
4.481511120
4.482783205
4.484053132
4.485321253
4.486586844
4.487850294
4.489111939
4.490371071
4.491628416
4.492883620
4.494136329
4.495387251
4.496636049
4.497882707
4.499127240
4.500369651
4.501609920
4.502848101
4.504084141
4.505318094
4.506549922
4.507779645
4.509007263
4.510232792
4.511456215
4.512677551
4.513896798
4.515113958
4.516329029
4.517542030
4.518752943
4.519961786
4.521168558
4.522373260
4.523575910
4.524776489
4.525974998
4.527171472
4.528365875
4.529557890
4.530748206
4.531936469
4.533122361
4.534306555
4.535488359
4.536668483
4.537846235
4.539021953
4.540195653
4.541367318
4.542536984
4.543704632
4.544870263
4.546033895
4.547195173
4.548354788
4.549512067
4.550667683
4.551820963
4.552972261
4.554121560
4.555268877
4.556414212
4.557557211
4.558698600
4.559837653
4.560974742
4.562109849
4.563243010
4.564374188
4.565503421
4.566630353
4.567755321
4.568878324
4.569999399
4.571118528
4.572235710
4.573350591
4.574463898
4.575574922
