0.1472869303
0.1472869303
0.1472869303
0.1472869303
0.1472869303
0.1472869303
0.1472869303
0.1472869303
0.1472869303
0.1472869303
0.1472869303
0.1472869303
0.1472869303
0.1472869303
0.1472869303
0.1472869303
0.1472869303
0.1472869303
0.1472869303
0.1472869303
0.1472869303
0.1472869303
0.1472869303
0.1472869303
0.1472869303
0.1472869303
0.1472869303
0.1472869303
0.1472869303
0.1472869303
0.1472869303
0.1472869303
0.1472869303
0.1472869303
0.1472869303
0.1472869303
0.1472869303
0.1472869303
0.1472869303
0.1472869303
0.1472869303
0.1472869303
0.1472869303
0.1472869303
0.1472869303
0.1472869303
0.1472869303
0.1472869303
0.1472869303
0.1472869303
0.1472869303
0.1472869303
0.1472869303
0.1472869303
0.1472869303
0.1472869303
0.1472869303
0.1472869303
0.1472869303
0.1472869303
0.1472869303
0.1472869303
0.1472869303
0.1472869303
0.1472869303
0.1472869303
0.1472869303
0.1472869303
0.1472869303
0.1472869303
0.1472869303
0.1472869303
0.1472869303
0.1472869303
0.1472869303
0.1472869303
0.1472869303
0.1472869303
0.1472869303
0.1472869303
0.1472869303
0.1472869303
0.1472869303
0.1472869303
0.1472869303
0.1472869303
0.1472869303
0.1472869303
0.1472869303
0.1472869303
0.1472869303
0.1472869303
0.1472869303
0.1472869303
0.1472869303
0.1472869303
0.1472869303
0.1472869303
0.1472869303
0.1472869303
0.1472869303
0.1472869303
0.1472869303
0.1472869303
0.1472869303
0.1472869303
0.1472869303
0.1472869303
0.1472869303
0.1472869303
0.1472869303
0.1472869303
0.1472869303
0.1472869303
0.1472869303
0.1472869303
0.1472869303
0.1472869303
0.1472869303
0.1472869303
0.1472869303
0.1472869303
0.1472869303
0.1472869303
0.1472869303
0.1472869303
0.1472869303
0.1472869303
0.1472869303
0.1472869303
0.1472869303
0.1472869303
0.1472869303
0.1472869303
0.1472869303
0.1472869303
0.1472869303
0.1472869303
0.1472869303
0.1472869303
0.1472869303
0.1472869303
0.1472869303
0.1472869303
0.1472869303
0.1472869303
0.1472869303
0.1472869303
0.1472869303
0.1472869303
0.1472869303
0.1472869303
0.1472869303
0.1472869303
0.1472869303
0.1472869303
0.1472869303
0.1472869303
0.1472869303
0.1472869303
0.1472869303
0.1472869303
0.1472869303
0.1472869303
0.1472869303
0.1472869303
0.1472869303
0.1472869303
0.1472869303
0.1472869303
0.1472869303
0.1472869303
0.1472869303
0.1472869303
0.1472869303
0.1472869303
0.1472869303
0.1472869303
0.1472869303
0.1472869303
0.1472869303
0.1472869303
0.1472869303
0.1472869303
0.1472869303
0.1472869303
0.1472869303
0.1472869303
0.1472869303
0.1472869303
0.1472869303
0.1472869303
0.1472869303
0.1472869303
0.1472869303
0.1472869303
0.1472869303
0.1472869303
0.1472869303
0.1472869303
0.1472869303
0.1472869303
0.1472869303
0.1472869303
0.1472869303
0.1472869303
0.1472869303
0.1472869303
0.1472869303
0.1472869303
0.1472869303
0.1472869303
0.1472869303
0.1472869303
0.1472869303
0.1472869303
0.1472869303
0.1472869303
0.1472869303
0.1472869303
0.1472869303
0.1472869303
0.1472869303
0.1472869303
0.1472869303
0.1472869303
0.1472869303
0.1472869303
0.1472869303
0.1472869303
0.1472869303
0.1472869303
0.1472869303
0.1472869303
0.1472869303
0.1472869303
0.1472869303
0.1472869303
0.1472869303
0.1472869303
0.1472869303
0.1472869303
0.1472869303
0.1472869303
0.1472869303
0.1472869303
0.1472869303
0.1472869303
0.1472869303
0.1472869303
0.1472869303
0.1472869303
0.1472869303
0.1472869303
0.1472869303
0.1472869303
0.1472869303
0.1472869303
0.1472869303
0.1472869303
0.1472869303
0.1472869303
0.1472869303
0.1472869303
0.1472869303
0.1472869303
0.1472869303
0.1472869303
0.1472869303
0.1472869303
0.1472869303
0.1472869303
0.1472869303
0.1472869303
0.1472869303
0.1472869303
0.1472869303
0.1472869303
0.1472869303
0.1472869303
0.1472869303
0.1472869303
0.1472869303
0.1472869303
0.1472869303
0.1472778721
0.1472461132
0.1471913171
0.1471134967
0.1470126703
0.1468885179
0.1467410692
0.1465702451
0.1463756292
0.1461572692
0.1459147621
0.1456480544
0.1453566435
0.1450402631
0.1446985413
0.1443312283
0.1439377433
0.1435176294
0.1430704409
0.1425954049
0.1420921007
0.1415596709
0.1409972750
0.1404042024
0.1397794257
0.1391218283
0.1384303184
0.1377034985
0.1369397818
0.1361377286
0.1352953881
0.1344105291
0.1334807584
0.1325033119
0.1314748518
0.1303917020
0.1292527663
0.1281034274
0.1269593279
0.1258202544
0.1246863138
0.1235575061
0.1224339359
0.1213153935
0.1202019841
0.1190938107
0.1179906666
0.1168926554
0.1157998788
0.1147121330
0.1136295200
0.1125521402
0.1114797927
0.1104125780
0.1093505950
0.1082936457
0.1072418293
0.1061951458
0.1051536920
0.1041172739
0.1030859886
0.1020599317
0.1010389118
0.1000230248
0.09901236474
0.09800674308
0.09700625433
0.09601099107
0.09502076766
0.09403567717
0.09305581072
0.09208098557
0.09111129333
0.09014673400
0.08918739681
0.08823310282
0.08728394174
0.08634000137
0.08540110564
0.08446734281
0.08353879926
0.08261530178
0.08169693721
0.08078379047
0.07987569124
0.07897272493
0.07807497501
0.07718227404
0.07629470598
0.07541227082
0.07453505015
0.07366288035
0.07279584345
0.07193401960
0.07107724804
0.07022560940
0.06937918237
0.06853780907
0.06770156868
0.06687053846
0.06604456341
0.06522372128
0.06440808788
0.06359751109
0.06279206721
0.06199175623
0.06119665209
0.06040660646
0.05962169374
0.05884198641
0.05806733904
0.05729782457
0.05653351406
0.05577426494
0.05502014873
0.05427123503
0.05352738417
0.05278866621
0.05205514934
0.05132669672
0.05060337702
0.04988519023
0.04917220260
0.04846428116
0.04776149262
0.04706390181
0.04637137861
0.04568398833
0.04500179434
0.04432466940
0.04365267737
0.04298588020
0.04232415351
0.04166755973
0.04101615938
0.04037157184
0.03974620502
0.03914167768
0.03855703481
0.03799129020
0.03744365864
0.03691331895
0.03639958615
0.03590173677
0.03541912257
0.03495122374
0.03449736717
0.03405711728
0.03362999445
0.03321542188
0.03281305328
0.03242244300
0.03204320943
0.03167503305
0.03131744318
0.03097024276
0.03063297784
0.03030546464
0.02998736840
0.02967846466
0.02937843156
0.02908705608
0.02880412987
0.02852934823
0.02826261369
0.02800363122
0.02775226108
0.02750831712
0.02727156780
0.02704188449
0.02681914144
0.02660311823
0.02639374438
0.02619080623
0.02599419056
0.02580378663
0.02561943835
0.02544108803
0.02526858464
0.02510178011
0.02494062356
0.02478501865
0.02463487117
0.02449004221
0.02435048872
0.02421612257
0.02408690396
0.02396265577
0.02384338821
0.02372902032
0.02361947297
0.02351466875
0.02341457767
0.02331917103
0.02322833036
0.02314203003
0.02306020030
0.02298286353
0.02290995257
0.02284140178
0.02277714696
0.02271721543
0.02266159044
0.02261016657
0.02256297463
0.02251995668
0.02248110092
0.02244639665
0.02241583435
0.02238936087
0.02236696902
0.02234869735
0.02233445153
0.02232431698
0.02231820165
0.02231619315
0.02231744287
0.02232114762
0.02232735264
0.02233601433
0.02234722344
0.02236084785
0.02237702386
0.02239566479
0.02241677373
0.02244044365
0.02246658904
0.02249525900
0.02252650317
0.02256023713
0.02259651132
0.02263533180
0.02267675004
0.02272072803
0.02276727311
0.02281643814
0.02286818627
0.02292257131
0.02297960247
0.02303928934
0.02310164198
0.02316667088
0.02323438696
0.02330484719
0.02337806357
0.02345400280
0.02353272340
0.02361428462
0.02369865451
0.02378584735
0.02387592399
0.02396885362
0.02406474454
0.02416356695
0.02426538422
0.02437016731
0.02447798072
0.02458888985
0.02470286710
0.02481993200
0.02494015173
0.02506359443
0.02519023436
0.02532014092
0.02545333682
0.02558984528
0.02572973797
0.02587303955
0.02601982340
0.02617001899
0.02632379759
0.02648118683
0.02664216617
0.02680681285
0.02697515623
0.02714732465
0.02732325076
0.02750311427
0.02768689858
0.02787463689
0.02806641308
0.02826231233
0.02846232032
0.02866662501
0.02887516333
0.02908807519
0.02930534926
0.02952717944
0.02975350497
0.02998452288
0.03022017364
0.03046065750
0.03070596851
0.03095620576
0.03121152271
0.03147186334
0.03173748998
0.03200834861
0.03228459897
0.03256629560
0.03285360220
0.03314657643
0.03344527684
0.03374992751
0.03405794434
0.03436736035
0.03467806426
0.03499011045
0.03530349818
0.03561817031
0.03593423861
0.03625158931
0.03657033519
0.03689036148
0.03721172432
0.03753442294
0.03785839849
0.03818376621
0.03851040886
0.03883838381
0.03916769033
0.03949832765
0.03983029504
0.04016353187
0.04049815689
0.04083404937
0.04117126843
0.04150975244
0.04184962217
0.04219075487
0.04253321067
0.04287698882
0.04322208857
0.04356844683
0.04391612470
0.04426512145
0.04461543632
0.04496706858
0.04531995388
0.04567415458
0.04602966993
0.04638643484
0.04674457702
0.04710396678
0.04746466773
0.04782661378
0.04818986903
0.04855443273
0.04892030416
0.04928748255
0.04965590060
0.05002562365
0.05039665094
0.05076891443
0.05114248019
0.05151734748
0.05189344750
0.05227084707
0.05264954546
0.05302954192
0.05341076666
0.05379328750
0.05417710369
0.05456214471
0.05494847912
0.05533610616
0.05572495458
0.05611509368
0.05650652270
0.05689916964
0.05729310455
0.05768832668
0.05808476328
0.05848248513
0.05888149150
0.05928170890
0.05968320884
0.06008599060
0.06048997993
0.06089524911
0.06130172342
0.06170947561
0.06211850493
0.06252873594
0.06294024213
0.06335294755
0.06376700163
0.06418217730
0.06459870015
0.06501634164
0.06543532884
0.06585550842
0.06627695581
0.06669959312
0.06712349629
0.06754858694
0.06797494149
0.06840255920
0.06883136096
0.06926134530
0.06969258962
0.07012509321
0.07055885531
0.07099371598
0.07142991259
0.07186728494
0.07230583156
0.07274563157
0.07318668425
0.07362890778
0.07407230071
0.07451694314
0.07496283432
0.07540989149
0.07585819547
0.07630766300
0.07675837540
0.07721024891
0.07766336533
0.07811764044
0.07857307278
0.07902974487
0.07948765599
0.07994672093
0.08040702295
0.08086847637
0.08133107972
0.08179491700
0.08225998748
0.08272620450
0.08319356661
0.08366215876
0.08413189357
0.08460285650
0.08507495966
0.08554820161
0.08602266852
0.08649835966
0.08697518620
0.08745314669
0.08793232827
0.08841264138
0.08889417365
0.08937683503
0.08986062407
0.09034562914
0.09083175945
0.09131910385
0.09180757109
0.09229715971
0.09278795929
0.09327987785
0.09377291395
0.09426715786
0.09476260888
0.09525908184
0.09575675950
0.09625564113
0.09675563307
0.09725673388
0.09775894212
0.09826235000
0.09876686291
0.09927257355
0.09977938681
0.1002873012
0.1007963154
0.1013065230
0.1018179233
0.1023303244
0.1028439158
0.1033586007
0.1038744739
0.1043913418
0.1049094924
0.1054286347
0.1059489611
0.1064703733
0.1069928700
0.1075165476
0.1080413073
0.1085671476
0.1090940670
0.1096221631
0.1101513360
0.1106815842
0.1112130060
0.1117455007
0.1122790670
0.1128137034
0.1133495091
0.1138862817
0.1144243222
0.1149633268
0.1155033949
0.1160446267
0.1165869196
0.1171303745
0.1176747855
0.1182203560
0.1187669824
0.1193146633
0.1198633971
0.1204132862
0.1209642259
0.1215162149
0.1220692516
0.1226233347
0.1231785676
0.1237348445
0.1242921640
0.1248505247
0.1254099251
0.1259704699
0.1265320521
0.1270945637
0.1276583229
0.1282230088
0.1287887263
0.1293555817
0.1299233587
0.1304922711
0.1310622101
0.1316331741
0.1322052706
0.1327782809
0.1333523121
0.1339274722
0.1345036508
0.1350808465
0.1356590579
0.1362382837
0.1368185224
0.1373998833
0.1379821438
0.1385655242
0.1391498009
0.1397351951
0.1403215943
0.1409089970
0.1414974019
0.1420868075
0.1426772124
0.1432687283
0.1438611278
0.1444546361
0.1450490247
0.1456445197
0.1462408918
0.1468383679
0.1474368326
0.1480361695
0.1486366069
0.1492380287
0.1498404335
0.1504438199
0.1510481865
0.1516535320
0.1522598548
0.1528671536
0.1534754271
0.1540846738
0.1546948923
0.1553061990
0.1559183573
0.1565314832
0.1571455754
0.1577606325
0.1583766531
0.1589936358
0.1596115792
0.1602306015
0.1608504624
0.1614712799
0.1620930525
0.1627157789
0.1633394577
0.1639639665
0.1645895458
0.1652160732
0.1658435476
0.1664719674
0.1671012092
0.1677315156
0.1683627633
0.1689948282
0.1696278312
0.1702618942
0.1708967695
0.1715325788
0.1721693207
0.1728069939
0.1734455969
0.1740851283
0.1747255869
0.1753669712
0.1760091545
0.1766523859
0.1772964131
0.1779413601
0.1785872255
0.1792340079
0.1798817060
0.1805303184
0.1811798437
0.1818301532
0.1824813724
0.1831336278
0.1837866626
0.1844406030
0.1850953191
0.1857510665
0.1864077154
0.1870651352
0.1877234534
0.1883826686
0.1890427793
0.1897037844
0.1903655520
0.1910282107
0.1916917591
0.1923561959
0.1930215197
0.1936877291
0.1943546911
0.1950225356
0.1956912613
0.1963608666
0.1970312178
0.1977025785
0.1983746818
0.1990476589
0.1997213751
0.2003960958
0.2010715524
0.2017478770
0.2024250683
0.2031029902
0.2037819106
0.2044615586
0.2051419320
0.2058233001
0.2065053905
0.2071883373
0.2078721390
0.2085566580
0.2092421656
0.2099283872
0.2106153209
0.2113032393
0.2119918666
0.2126812009
0.2133715160
0.2140625350
0.2147543942
0.2154470923
0.2161404891
0.2168347217
0.2175297886
0.2182255491
0.2189221410
0.2196195628
0.2203178133
0.2210167506
0.2217163728
0.2224169596
0.2231182282
0.2238203179
0.2245230857
0.2252266716
0.2259310741
0.2266361497
0.2273421814
0.2280487403
0.2287561097
0.2294642883
0.2301732747
0.2308829239
0.2315933779
0.2323044913
0.2330164063
0.2337291217
0.2344424913
0.2351566582
0.2358716209
0.2365872329
0.2373036378
0.2380206884
0.2387385287
0.2394570112
0.2401762804
0.2408963350
0.2416170267
0.2423385007
0.2430606084
0.2437834953
0.2445070123
0.2452313056
0.2459563736
0.2466820668
0.2474085318
0.2481356184
0.2488634737
0.2495919472
0.2503211864
0.2510510402
0.2517816567
0.2525130345
0.2532450219
0.2539776170
0.2547109687
0.2554450756
0.2561797852
0.2569150956
0.2576511564
0.2583879663
0.2591253721
0.2598633716
0.2606021156
0.2613416026
0.2620816785
0.2628223412
0.2635637423
0.2643057269
0.2650484468
0.2657917466
0.2665357788
0.2672803875
0.2680257255
0.2687716366
0.2695182739
0.2702654809
0.2710132557
0.2717617520
0.2725109685
0.2732605917
0.2740110880
0.2747619871
0.2755136001
0.2762659256
0.2770188051
0.2777722366
0.2785263760
0.2792810641
0.2800362989
0.2807922369
0.2815488767
0.2823058996
0.2830636210
0.2838220395
0.2845809946
0.2853404842
0.2861006664
0.2868613797
0.2876226223
0.2883845528
0.2891470092
0.2899099895
0.2906736530
0.2914378371
0.2922027014
0.2929679212
0.2937339798
0.2945003900
0.2952674741
0.2960350683
0.2968033333
0.2975719420
0.2983413815
0.2991111608
0.2998816047
0.3006525482
0.3014239892
0.3021960902
0.3029686855
0.3037417731
0.3045155160
0.3052897480
0.3060644671
0.3068396715
0.3076155249
0.3083918602
0.3091686755
0.3099461353
0.3107240717
0.3115024830
0.3122813672
0.3130608896
0.3138408815
0.3146213412
0.3154022667
0.3161838242
0.3169658443
0.3177483249
0.3185312644
0.3193146607
0.3200986812
0.3208831552
0.3216680810
0.3224536263
0.3232394502
0.3240258903
0.3248127751
0.3256002732
0.3263880421
0.3271764210
0.3279652376
0.3287544900
0.3295441764
0.3303342950
0.3311250158
0.3319161654
0.3327075698
0.3334997439
0.3342921690
0.3350850156
0.3358784550
0.3366723126
0.3374665866
0.3382612750
0.3390563762
0.3398518882
0.3406479835
0.3414443119
0.3422412204
0.3430385328
0.3438362473
0.3446343620
0.3454328752
0.3462319608
0.3470312655
0.3478311394
0.3486312284
0.3494318833
0.3502329261
0.3510343549
0.3518361680
0.3526383635
0.3534409397
0.3542440724
0.3550474045
0.3558512899
0.3566553707
0.3574600017
0.3582650027
0.3590701931
0.3598759288
0.3606820292
0.3614884925
0.3622953169
0.3631025006
0.3639100418
0.3647179387
0.3655261894
0.3663347923
0.3671439264
0.3679532283
0.3687628768
0.3695728702
0.3703833886
0.3711940667
0.3720050843
0.3728164397
0.3736283136
0.3744403393
0.3752526974
0.3760655693
0.3768785870
0.3776919317
0.3785056017
0.3793197792
0.3801340945
0.3809487298
0.3817636833
0.3825789531
0.3833945375
0.3842104348
0.3850266431
0.3858431607
0.3866599858
0.3874771166
0.3882945515
0.3891121022
0.3899301396
0.3907482889
0.3915669216
0.3923856624
0.3932048836
0.3940242089
0.3948438238
0.3956637263
0.3964839149
0.3973043878
0.3981251431
0.3989459905
0.3997673054
0.4005887085
0.4014105760
0.4022325278
0.4030547512
0.4038772445
0.4047000060
0.4055230338
0.4063461359
0.4071696912
0.4079933169
0.4088172016
0.4096413437
0.4104657414
0.4112903930
0.4121152968
0.4129402590
0.4137654695
0.4145909265
0.4154166285
0.4162425736
0.4170687601
0.4178949932
0.4187214639
0.4195481705
0.4203751112
0.4212022844
0.4220294942
0.4228569326
0.4236845980
0.4245124886
0.4253406027
0.4261687436
0.4269972994
0.4278256828
0.4286544777
0.4294834872
0.4303125136
0.4311417509
0.4319711973
0.4328008511
0.4336305139
0.4344603803
0.4352904487
0.4361205201
0.4369509872
0.4377814535
0.4386121146
0.4394427708
0.4402736181
0.4411046548
0.4419358792
0.4427672896
0.4435986854
0.4444302635
0.4452618229
0.4460935608
0.4469254757
0.4477575657
0.4485896292
0.4494220645
0.4502542691
0.4510868421
0.4519193807
0.4527520839
0.4535847486
0.4544175741
0.4552505587
0.4560837007
0.4569167966
0.4577500462
0.4585832457
0.4594165952
0.4602500931
0.4610835349
0.4619171215
0.4627508512
0.4635845189
0.4644183261
0.4652522711
0.4660861482
0.4669201595
0.4677540990
0.4685883735
0.4694223678
0.4702564890
0.4710907354
0.4719251054
0.4727593919
0.4735937984
0.4744281174
0.4752625528
0.4760968967
0.4769313534
0.4777659211
0.4786003916
0.4794349696
0.4802694465
0.4811040272
0.4819387102
0.4827732862
0.4836077532
0.4844423169
0.4852769756
0.4861115196
0.4869461550
0.4877806717
0.4886152763
0.4894497583
0.4902843246
0.4911189736
0.4919534943
0.4927878845
0.4936223519
0.4944566849
0.4952910917
0.4961255705
0.4969599092
0.4977941057
0.4986283689
0.4994626971
0.5002968774
0.5011309077
0.5019649976
0.5027991455
0.5036329257
0.5044669723
0.5053008594
0.5061345850
0.5069683596
0.5078019687
0.5086354103
0.5094691088
0.5103024228
0.5111357770
0.5119691698
0.5128021716
0.5136354223
0.5144682780
0.5153013794
0.5161340815
0.5169668115
0.5177995677
0.5186319183
0.5194645066
0.5202966852
0.5211288828
0.5219610978
0.5227931127
0.5236249253
0.5244567501
0.5252883690
0.5261197798
0.5269511973
0.5277824031
0.5286133951
0.5294443885
0.5302753819
0.5311059383
0.5319364909
0.5327670381
0.5335971420
0.5344272369
0.5352573211
0.5360869558
0.5369167950
0.5377461806
0.5385755484
0.5394046776
0.5402335662
0.5410624318
0.5418910530
0.5427194279
0.5435477746
0.5443758712
0.5452037157
0.5460315269
0.5468590822
0.5476863798
0.5485134176
0.5493404150
0.5501671489
0.5509938392
0.5518200404
0.5526461942
0.5534720769
0.5542979089
0.5551232435
0.5559485239
0.5567737484
0.5575984694
0.5584231310
0.5592475083
0.5600715992
0.5608956255
0.5617191380
0.5625425823
0.5633657328
0.5641888117
0.5650113687
0.5658338505
0.5666560310
0.5674781331
0.5682997051
0.5691211951
0.5699423762
0.5707632464
0.5715838039
0.5724042726
0.5732241987
0.5740440325
0.5748635461
0.5756829642
0.5765018316
0.5773205999
0.5781388134
0.5789569243
0.5797747037
0.5805923772
0.5814094879
0.5822264892
0.5830429235
0.5838592449
0.5846752235
0.5854910862
0.5863063738
0.5871213129
0.5879361307
0.5887505966
0.5895644791
0.5903782352
0.5911916335
0.5920049022
0.5928175796
0.5936298937
0.5944420729
0.5952536548
0.5960650983
0.5968761712
0.5976868716
0.5984971977
0.5993071475
0.6001167192
0.6009259109
0.6017349525
0.6025433787
0.6033514194
0.6041593048
0.6049665688
0.6057736742
0.6065803868
0.6073864720
0.6081923934
0.6089979165
0.6098030395
0.6106077604
0.6114120775
0.6122159889
0.6130194928
0.6138225873
0.6146252705
0.6154275408
0.6162293961
0.6170308347
0.6178318547
0.6186324544
0.6194326319
0.6202323853
0.6210317129
0.6218306129
0.6226290833
0.6234271225
0.6242247285
0.6250218997
0.6258186341
0.6266149299
0.6274107855
0.6282061989
0.6290011683
0.6297956920
0.6305895310
0.6313831577
0.6321763333
0.6329688183
0.6337610861
0.6345526595
0.6353440125
0.6361346671
0.6369248597
0.6377145883
0.6385038513
0.6392926469
0.6400809732
0.6408688286
0.6416562112
0.6424428799
0.6432293117
0.6440150257
0.6448004995
0.6455852517
0.6463695204
0.6471533038
0.6479366001
0.6487194075
0.6495014837
0.6502833082
0.6510643976
0.6518449909
0.6526250865
0.6534046825
0.6541837773
0.6549623691
0.6557402142
0.6565175527
0.6572943827
0.6580707025
0.6588465105
0.6596218050
0.6603963413
0.6611706033
0.6619441034
