0.000000000
0.9885057471
1.977011494
2.965517241
3.954022989
4.942528736
5.931034483
6.919540230
7.908045977
8.896551724
9.885057471
10.87356322
11.86206897
12.85057471
13.83908046
14.82758621
15.81609195
16.80459770
17.79310345
18.78160920
19.77011494
20.75862069
21.74712644
22.73563218
23.72413793
24.71264368
25.70114943
26.68965517
27.67816092
28.66666667
29.65517241
30.64367816
31.63218391
32.62068966
33.60919540
34.59770115
35.58620690
36.57471264
37.56321839
38.55172414
39.54022989
40.52873563
41.51724138
42.50574713
43.49425287
44.48275862
45.47126437
46.45977011
47.44827586
48.43678161
49.42528736
50.41379310
51.40229885
52.39080460
53.37931034
54.36781609
55.35632184
56.34482759
57.33333333
58.32183908
59.31034483
60.29885057
61.28735632
62.27586207
63.26436782
64.25287356
65.24137931
66.22988506
67.21839080
68.20689655
69.19540230
70.18390805
71.17241379
72.16091954
73.14942529
74.13793103
75.12643678
76.11494253
77.10344828
78.09195402
79.08045977
80.06896552
81.05747126
82.04597701
83.03448276
84.02298851
85.01149425
