0.2549408225
0.2549408225
0.2549408225
0.2549408225
0.2549408225
0.2549408225
0.2549408225
0.2549408225
0.2549408225
0.2549408225
0.2549408225
0.2549408225
0.2549408225
0.2549408225
0.2549408225
0.2549408225
0.2549408225
0.2549408225
0.2549408225
0.2549408225
0.2549408225
0.2549408225
0.2549408225
0.2549408225
0.2549408225
0.2549408225
0.2549408225
0.2549408225
0.2549408225
0.2549408225
0.2549408225
0.2549408225
0.2549408225
0.2549408225
0.2549408225
0.2549408225
0.2549408225
0.2549408225
0.2549408225
0.2549408225
0.2549408225
0.2549408225
0.2549408225
0.2549408225
0.2549408225
0.2549408225
0.2549408225
0.2549408225
0.2549408225
0.2549408225
0.2549408225
0.2549408225
0.2549408225
0.2549408225
0.2549408225
0.2549408225
0.2549408225
0.2549408225
0.2549408225
0.2549408225
0.2549408225
0.2549408225
0.2549408225
0.2549408225
0.2549408225
0.2549408225
0.2549408225
0.2549408225
0.2549408225
0.2549408225
0.2549408225
0.2549408225
0.2549408225
0.2549408225
0.2549408225
0.2549408225
0.2549408225
0.2549408225
0.2549408225
0.2549408225
0.2549408225
0.2549408225
0.2549408225
0.2549408225
0.2549408225
0.2549408225
0.2549408225
0.2549408225
0.2549408225
0.2549408225
0.2549408225
0.2549408225
0.2549408225
0.2549408225
0.2549408225
0.2549408225
0.2549408225
0.2549408225
0.2549408225
0.2549408225
0.2549408225
0.2549408225
0.2549408225
0.2549408225
0.2549408225
0.2549408225
0.2549408225
0.2549408225
0.2549408225
0.2549408225
0.2549408225
0.2549408225
0.2549408225
0.2549408225
0.2549408225
0.2549408225
0.2549408225
0.2549408225
0.2549408225
0.2549408225
0.2549408225
0.2549408225
0.2549408225
0.2549408225
0.2549408225
0.2549408225
0.2549408225
0.2549408225
0.2549408225
0.2549408225
0.2549408225
0.2549408225
0.2549408225
0.2549408225
0.2549408225
0.2549408225
0.2549408225
0.2549408225
0.2549408225
0.2549408225
0.2549408225
0.2549408225
0.2549408225
0.2549408225
0.2549408225
0.2549408225
0.2549408225
0.2549408225
0.2549408225
0.2549408225
0.2549408225
0.2549408225
0.2549408225
0.2549408225
0.2549408225
0.2549408225
0.2549408225
0.2549408225
0.2549408225
0.2549408225
0.2549408225
0.2549408225
0.2549408225
0.2549408225
0.2549408225
0.2549408225
0.2549408225
0.2549408225
0.2549408225
0.2549408225
0.2549408225
0.2549408225
0.2549408225
0.2549408225
0.2549408225
0.2549408225
0.2549408225
0.2549408225
0.2549408225
0.2549408225
0.2549408225
0.2549408225
0.2549408225
0.2549408225
0.2549408225
0.2549408225
0.2549408225
0.2549408225
0.2549408225
0.2549408225
0.2549408225
0.2549408225
0.2549408225
0.2549408225
0.2549408225
0.2549408225
0.2549408225
0.2549408225
0.2549408225
0.2549408225
0.2549408225
0.2549408225
0.2549408225
0.2549408225
0.2549408225
0.2549408225
0.2549408225
0.2549408225
0.2549408225
0.2549408225
0.2549408225
0.2549408225
0.2549408225
0.2549408225
0.2549408225
0.2549408225
0.2549408225
0.2549408225
0.2549408225
0.2549408225
0.2549408225
0.2549408225
0.2549408225
0.2549408225
0.2549408225
0.2549408225
0.2549408225
0.2549408225
0.2549408225
0.2549408225
0.2549408225
0.2549408225
0.2549408225
0.2549408225
0.2549408225
0.2549408225
0.2549408225
0.2549408225
0.2549408225
0.2549408225
0.2549408225
0.2549408225
0.2549408225
0.2549408225
0.2549408225
0.2549408225
0.2549408225
0.2549408225
0.2549408225
0.2549408225
0.2549408225
0.2549408225
0.2549408225
0.2549408225
0.2549408225
0.2549408225
0.2549408225
0.2549408225
0.2549408225
0.2549408225
0.2549408225
0.2549408225
0.2549408225
0.2549408225
0.2549408225
0.2549408225
0.2549408225
0.2549408225
0.2549408225
0.2549408225
0.2549408225
0.2549408225
0.2549408225
0.2549408225
0.2549408225
0.2549408225
0.2549408225
0.2549408225
0.2549408225
0.2549408225
0.2549408225
0.2549408225
0.2549408225
0.2549408225
0.2549408225
0.2549251435
0.2548701717
0.2547753245
0.2546406241
0.2544661023
0.2542512054
0.2539959847
0.2537003030
0.2533634399
0.2529854778
0.2525657191
0.2521040713
0.2515996646
0.2510520377
0.2504605470
0.2498247603
0.2491436721
0.2484164917
0.2476424474
0.2468202014
0.2459490258
0.2450274363
0.2440539780
0.2430274212
0.2419459872
0.2408077434
0.2396108003
0.2383527384
0.2370308114
0.2356425273
0.2341845095
0.2326528958
0.2310435438
0.2293516692
0.2275714945
0.2256966567
0.2237252584
0.2217358532
0.2197555168
0.2177838799
0.2158211277
0.2138672601
0.2119224581
0.2099863589
0.2080591444
0.2061409929
0.2042315467
0.2023309852
0.2004394843
0.1985566911
0.1966827826
0.1948179323
0.1929617922
0.1911145367
0.1892763369
0.1874468498
0.1856262474
0.1838145296
0.1820118641
0.1802179147
0.1784328499
0.1766568350
0.1748895386
0.1731311269
0.1713817625
0.1696411191
0.1679093604
0.1661866466
0.1644726563
0.1627675506
0.1610714873
0.1593841501
0.1577056974
0.1560361294
0.1543756004
0.1527238008
0.1510808858
0.1494470074
0.1478218608
0.1462055989
0.1445983710
0.1429998775
0.1414102686
0.1398296912
0.1382578507
0.1366948948
0.1351409681
0.1335957806
0.1320594778
0.1305320595
0.1290136671
0.1275040173
0.1260032521
0.1245115102
0.1230285134
0.1215544012
0.1200893099
0.1186329662
0.1171855070
0.1157470662
0.1143173755
0.1128965694
0.1114847792
0.1100817415
0.1086875884
0.1073023200
0.1059260641
0.1045585641
0.1031999486
0.1018503433
0.1005094963
0.09917753392
0.09785457912
0.09654038515
0.09523507581
0.09393877156
0.09265123062
0.09137257431
0.09010292061
0.08884203271
0.08759002943
0.08634691077
0.08511279141
0.08388744117
0.08267097554
0.08146350673
0.08026480952
0.07907499693
0.07789417866
0.07672213449
0.07555897493
0.07440480721
0.07325941607
0.07212290954
0.07099539238
0.06987966759
0.06879721222
0.06775082814
0.06673886235
0.06575960780
0.06481170537
0.06389373366
0.06300450701
0.06214277318
0.06130741011
0.06049751807
0.05971193196
0.05894989783
0.05821058547
0.05749299654
0.05679653161
0.05612041930
0.05546399908
0.05482671791
0.05420776105
0.05360678742
0.05302301128
0.05245611452
0.05190551769
0.05137083227
0.05085150116
0.05034715562
0.04985743505
0.04938181201
0.04892011781
0.04847184175
0.04803674197
0.04761449626
0.04720470385
0.04680714209
0.04642159330
0.04604767598
0.04568526811
0.04533399989
0.04499367532
0.04466410274
0.04434501196
0.04403630312
0.04373771481
0.04344899072
0.04317004281
0.04290070429
0.04264081209
0.04239012580
0.04214857088
0.04191599481
0.04169232868
0.04147726591
0.04127082416
0.04107286333
0.04088324643
0.04070183946
0.04052859053
0.04036344997
0.04020621270
0.04005683437
0.03991519424
0.03978133104
0.03965512853
0.03953647309
0.03942525362
0.03932151736
0.03922523535
0.03913622514
0.03905454000
0.03898007969
0.03891282375
0.03885275370
0.03879985301
0.03875402973
0.03871527139
0.03868364473
0.03865898645
0.03864144444
0.03863085933
0.03862738279
0.03862954595
0.03863595854
0.03864669889
0.03866169152
0.03868109351
0.03870467618
0.03873267544
0.03876494127
0.03880147899
0.03884244957
0.03888770495
0.03893733015
0.03899141108
0.03904980162
0.03911258907
0.03917978394
0.03925147530
0.03932759737
0.03940816283
0.03949326321
0.03958283471
0.03967697048
0.03977568642
0.03987899919
0.03998692617
0.04009948552
0.04021669615
0.04033865665
0.04046538781
0.04059683200
0.04073309048
0.04087426584
0.04102030276
0.04117122595
0.04132714076
0.04148799383
0.04165397265
0.04182502562
0.04200126244
0.04218263281
0.04236924841
0.04256122244
0.04275850712
0.04296113624
0.04316922610
0.04338289463
0.04360209731
0.04382695423
0.04405750471
0.04429378894
0.04453593098
0.04478397351
0.04503804354
0.04529801900
0.04556419632
0.04583662336
0.04611526455
0.04640025360
0.04669164129
0.04698964980
0.04729416255
0.04760549059
0.04792360518
0.04824856381
0.04858051166
0.04891959617
0.04926579255
0.04961942614
0.04998038777
0.05034891963
0.05072500207
0.05110897075
0.05150072049
0.05190059234
0.05230848324
0.05272473981
0.05314935176
0.05358249059
0.05402442196
0.05447504887
0.05493482540
0.05540365806
0.05588182332
0.05636941561
0.05686671825
0.05737383108
0.05789085541
0.05841817913
0.05895132940
0.05948690151
0.06002470286
0.06056482758
0.06110727439
0.06165194438
0.06219903103
0.06274833740
0.06330005870
0.06385399628
0.06441024730
0.06496881046
0.06552958385
0.06609276699
0.06665815691
0.06722585293
0.06779585376
0.06836815812
0.06894276469
0.06951956856
0.07009877528
0.07068017585
0.07126387260
0.07184975890
0.07243804373
0.07302851466
0.07362127576
0.07421632574
0.07481366330
0.07541317921
0.07601497926
0.07661906217
0.07722542665
0.07783407141
0.07844488506
0.07905797556
0.07967334160
0.08029087054
0.08091078340
0.08153285571
0.08215719757
0.08278369459
0.08341245772
0.08404348568
0.08467677719
0.08531233095
0.08595003044
0.08658998877
0.08723220464
0.08787656024
0.08852316997
0.08917203253
0.08982302884
0.09047627457
0.09113176843
0.09178950913
0.09244937589
0.09311148608
0.09377583841
0.09444231082
0.09511102196
0.09578197055
0.09645503323
0.09713032995
0.09780785943
0.09848749702
0.09916936397
0.09985345898
0.1005396561
0.1012280780
0.1019187232
0.1026114646
0.1033064259
0.1040036060
0.1047028763
0.1054043618
0.1061079334
0.1068137168
0.1075217109
0.1082317850
0.1089440663
0.1096584234
0.1103751148
0.1110937477
0.1118147124
0.1125376134
0.1132628436
0.1139901378
0.1147196265
0.1154511748
0.1161849142
0.1169207090
0.1176586915
0.1183988604
0.1191410789
0.1198853442
0.1206317905
0.1213804165
0.1221312208
0.1228839267
0.1236389450
0.1243959983
0.1251550842
0.1259163397
0.1266797634
0.1274452137
0.1282126882
0.1289823254
0.1297541242
0.1305279411
0.1313039162
0.1320819052
0.1328620491
0.1336442027
0.1344285077
0.1352148182
0.1360031319
0.1367935914
0.1375861956
0.1383807969
0.1391775396
0.1399762751
0.1407770012
0.1415798630
0.1423848594
0.1431918404
0.1440008034
0.1448118956
0.1456249655
0.1464401612
0.1472573306
0.1480764711
0.1488977319
0.1497211118
0.1505464569
0.1513737648
0.1522031863
0.1530345664
0.1538680567
0.1547035015
0.1555408981
0.1563803995
0.1572218487
0.1580653993
0.1589108934
0.1597583286
0.1606078599
0.1614593280
0.1623127304
0.1631682235
0.1640258060
0.1648851573
0.1657465939
0.1666101145
0.1674755569
0.1683429187
0.1692121973
0.1700835524
0.1709568203
0.1718321612
0.1727094107
0.1735885663
0.1744696255
0.1753527503
0.1762379395
0.1771248611
0.1780138430
0.1789047176
0.1797976492
0.1806923023
0.1815891758
0.1824877659
0.1833884054
0.1842909245
0.1851953206
0.1861017609
0.1870100741
0.1879202577
0.1888323092
0.1897463975
0.1906623495
0.1915801630
0.1925000077
0.1934217096
0.1943452663
0.1952706753
0.1961981082
0.1971272147
0.1980585159
0.1989914858
0.1999262965
0.2008631216
0.2018017833
0.2027424561
0.2036847841
0.2046291191
0.2055752817
0.2065232695
0.2074730798
0.2084248899
0.2093785184
0.2103339631
0.2112912214
0.2122502909
0.2132113506
0.2141742174
0.2151388889
0.2161053625
0.2170736358
0.2180438899
0.2190159396
0.2199895982
0.2209654162
0.2219428381
0.2229220458
0.2239032229
0.2248859954
0.2258707331
0.2268572477
0.2278455367
0.2288357857
0.2298276166
0.2308212146
0.2318167664
0.2328140813
0.2338131567
0.2348139902
0.2358165795
0.2368209220
0.2378272070
0.2388350491
0.2398448297
0.2408561616
0.2418694280
0.2428844338
0.2439011767
0.2449196541
0.2459398637
0.2469618031
0.2479856655
0.2490110574
0.2500383684
0.2510672032
0.2520979531
0.2531302211
0.2541644001
0.2552002903
0.2562376902
0.2572769949
0.2583180036
0.2593607138
0.2604051230
0.2614512288
0.2624990289
0.2635485208
0.2645997021
0.2656525704
0.2667071232
0.2677633583
0.2688214769
0.2698810694
0.2709423369
0.2720052769
0.2730698870
0.2741361649
0.2752041080
0.2762737141
0.2773451878
0.2784181129
0.2794926937
0.2805689279
0.2816468130
0.2827263465
0.2838073168
0.2848901399
0.2859746043
0.2870607076
0.2881484474
0.2892376100
0.2903286154
0.2914212502
0.2925152993
0.2936109722
0.2947084800
0.2958073938
0.2969079242
0.2980100689
0.2991138254
0.3002191915
0.3013261646
0.3024347425
0.3035449228
0.3046564860
0.3057698635
0.3068846184
0.3080009653
0.3091189019
0.3102384259
0.3113595348
0.3124822262
0.3136064978
0.3147321267
0.3158593303
0.3169883275
0.3181186738
0.3192505876
0.3203838440
0.3215188855
0.3226554874
0.3237934237
0.3249329151
0.3260739590
0.3272165531
0.3283606952
0.3295061572
0.3306531615
0.3318017059
0.3329517880
0.3341034054
0.3352565558
0.3364110089
0.3375669894
0.3387244951
0.3398835236
0.3410438430
0.3422059097
0.3433692618
0.3445341266
0.3457002705
0.3468681532
0.3480373095
0.3492079684
0.3503801274
0.3515535512
0.3527287031
0.3539051144
0.3550827814
0.3562621701
0.3574428091
0.3586249303
0.3598085315
0.3609933742
0.3621799279
0.3633677176
0.3645567399
0.3657474666
0.3669394204
0.3681325979
0.3693274732
0.3705235667
0.3717211147
0.3729201146
0.3741203239
0.3753219799
0.3765250802
0.3777293809
0.3789351206
0.3801422969
0.3813509075
0.3825607070
0.3837716919
0.3849843466
0.3861981813
0.3874134373
0.3886298671
0.3898477128
0.3910669721
0.3922873965
0.3935094757
0.3947324675
0.3959568623
0.3971826575
0.3984098511
0.3996381920
0.4008679259
0.4020988011
0.4033310639
0.4045647119
0.4057994925
0.4070356530
0.4082731912
0.4095118531
0.4107518874
0.4119930393
0.4132355582
0.4144791888
0.4157241810
0.4169705326
0.4182179871
0.4194667957
0.4207167011
0.4219679552
0.4232203001
0.4244739884
0.4257290179
0.4269851295
0.4282425770
0.4295011005
0.4307609546
0.4320218786
0.4332841280
0.4345474413
0.4358120746
0.4370780257
0.4383450320
0.4396130903
0.4408824580
0.4421531330
0.4434248512
0.4446976092
0.4459716663
0.4472470200
0.4485234050
0.4498008178
0.4510795191
0.4523595066
0.4536405134
0.4549225360
0.4562058366
0.4574901471
0.4587757304
0.4600623176
0.4613501723
0.4626390250
0.4639291400
0.4652202470
0.4665126111
0.4678059613
0.4691002941
0.4703958758
0.4716927043
0.4729902365
0.4742892802
0.4755890211
0.4768899975
0.4781922072
0.4794953759
0.4807995002
0.4821048497
0.4834111489
0.4847183945
0.4860268571
0.4873365346
0.4886468752
0.4899584247
0.4912711810
0.4925848660
0.4938994763
0.4952152853
0.4965320137
0.4978496582
0.4991684934
0.5004882388
0.5018088912
0.5031307261
0.5044534621
0.5057773754
0.5071019041
0.5084278846
0.5097544739
0.5110822295
0.5124108680
0.5137406677
0.5150710623
0.5164028949
0.5177353157
0.5190688869
0.5204033227
0.5217386198
0.5230750593
0.5244123542
0.5257505014
0.5270897830
0.5284299110
0.5297708821
0.5311126932
0.5324556277
0.5337993964
0.5351439959
0.5364897110
0.5378362511
0.5391836130
0.5405317936
0.5418810788
0.5432311768
0.5445820844
0.5459337984
0.5472866062
0.5486402146
0.5499946203
0.5513498202
0.5527058109
0.5540628819
0.5554207380
0.5567793760
0.5581390864
0.5594992789
0.5608605381
0.5622225670
0.5635856576
0.5649492167
0.5663138318
0.5676792045
0.5690453316
0.5704122099
0.5717798362
0.5731485048
0.5745179158
0.5758877676
0.5772589520
0.5786305707
0.5800029190
0.5813762933
0.5827503915
0.5841252104
0.5855007468
0.5868769975
0.5882539593
0.5896319309
0.5910103058
0.5923896849
0.5937697631
0.5951505372
0.5965320042
0.5979141608
0.5992973082
0.6006808349
0.6020653468
0.6034502310
0.6048360948
0.6062226300
0.6076098334
0.6089977019
0.6103862323
0.6117754215
0.6131655742
0.6145560719
0.6159475275
0.6173393212
0.6187320671
0.6201254537
0.6215191680
0.6229138262
0.6243091156
0.6257050332
0.6271015758
0.6284987404
0.6298965237
0.6312949226
0.6326939342
0.6340935551
0.6354940957
0.6368949266
0.6382963575
0.6396983855
0.6411013221
0.6425045351
0.6439083358
0.6453127211
0.6467180041
0.6481235497
0.6495296706
0.6509366809
0.6523439436
0.6537517723
0.6551601641
0.6565694343
0.6579789431
0.6593890057
0.6607996190
0.6622107799
0.6636224853
0.6650347323
0.6664475176
0.6678608383
0.6692746913
0.6706890735
0.6721039819
0.6735190909
0.6749350421
0.6763511871
0.6777681690
0.6791853379
0.6806033383
0.6820215189
0.6834402006
0.6848593805
0.6862790553
0.6876992222
0.6891198781
0.6905406933
0.6919623178
0.6933840948
0.6948066757
0.6962294025
0.6976525995
0.6990762636
0.7005003919
0.7019249813
0.7033496992
0.7047752015
0.7062008257
0.7076268983
0.7090534163
0.7104803768
0.7119077767
0.7133356131
0.7147635507
0.7161919180
0.7176207122
0.7190499302
0.7204795691
0.7219096259
0.7233397633
0.7247703119
0.7262012688
0.7276326310
0.7290643956
0.7304962236
0.7319284474
0.7333610639
0.7347940703
0.7362274636
0.7376609032
0.7390950610
0.7405289203
0.7419634920
0.7433984351
0.7448334075
0.7462687448
0.7477044440
0.7491405024
0.7505765762
0.7520130026
0.7534497786
0.7548865598
0.7563240258
0.7577614905
0.7591992924
0.7606370858
0.7620752100
0.7635136620
0.7649524389
0.7663915378
0.7678306113
0.7692700005
0.7707093571
0.7721490229
0.7735889949
0.7750292701
0.7764694994
0.7779103723
0.7793508457
0.7807919570
0.7822330088
0.7836743452
0.7851156152
0.7865571634
0.7879989871
0.7894410832
0.7908830995
0.7923253819
0.7937675774
0.7952100326
0.7966527448
0.7980953599
0.7995382255
0.8009813388
0.8024243449
0.8038675924
0.8053110783
0.8067544469
0.8081980477
0.8096415242
0.8110855805
0.8125291519
0.8139729429
0.8154169506
0.8168611722
0.8183052494
0.8197495342
0.8211936676
0.8226380024
0.8240821789
0.8255265505
0.8269711145
0.8284155101
0.8298600918
0.8313044984
0.8327490848
0.8341938482
0.8356384265
0.8370828160
0.8385273729
0.8399720943
0.8414166171
0.8428612982
0.8443057737
0.8457504015
0.8471948169
0.8486393784
0.8500840831
0.8515285656
0.8529728222
0.8544172125
0.8558613701
0.8573056553
0.8587500653
0.8601942328
0.8616381542
0.8630821909
0.8645263401
0.8659702335
0.8674138672
0.8688576040
0.8703014412
0.8717446421
0.8731883039
0.8746316898
0.8760747959
0.8775179869
0.8789608916
0.8804035063
0.8818465656
0.8832889595
0.8847314228
0.8861739530
0.8876158065
0.8890580907
0.8904996912
0.8919417170
0.8933830517
0.8948244346
0.8962658630
0.8977065892
0.8991477269
0.9005881554
0.9020286168
0.9034691083
0.9049092535
0.9063490487
0.9077888648
0.9092283244
0.9106674239
0.9121065352
0.9135452799
0.9149836544
0.9164220316
0.9178604086
0.9192980292
0.9207356432
0.9221732480
0.9236100854
0.9250469072
0.9264837106
0.9279197357
0.9293561150
0.9307917091
0.9322272725
0.9336624228
0.9350971565
0.9365318505
0.9379661216
0.9393999662
0.9408337620
0.9422671250
0.9437000516
0.9451329204
0.9465653466
0.9479973265
0.9494288567
0.9508603170
0.9522913213
0.9537222500
0.9551523321
0.9565823323
0.9580118632
0.9594413063
0.9608698886
0.9622983768
0.9637267685
0.9651542886
0.9665817058
0.9680086309
0.9694350603
0.9708613780
0.9722868063
0.9737121165
0.9751369181
0.9765615960
0.9779853702
0.9794090146
0.9808321372
0.9822551243
0.9836771936
0.9850991211
0.9865205139
0.9879413687
0.9893616820
0.9907818417
0.9922010623
0.9936201231
0.9950386296
0.9964569708
0.9978743588
0.9992915753
1.000707831
1.002123910
1.003539415
1.004954736
1.006369083
1.007783241
1.009196418
1.010609399
1.012021787
1.013433974
1.014845166
1.016255754
1.017666133
1.019075902
1.020484662
1.021893202
1.023301124
1.024708821
1.026115495
1.027521540
1.028927351
1.030332128
1.031736666
1.033140563
1.034543814
1.035946418
1.037348370
1.038749668
1.040150308
1.041550689
1.042950004
1.044348652
1.045747031
1.047144335
1.048541364
1.049937713
1.051332976
1.052727956
1.054122246
1.055515843
1.056908745
1.058300948
1.059692448
1.061083243
1.062473330
1.063862705
1.065251364
1.066639306
1.068026526
1.069413022
1.070798790
1.072183827
1.073568131
1.074951697
1.076334523
1.077716606
1.079097942
1.080478529
1.081858362
1.083237440
1.084615759
1.085993315
1.087370106
1.088746129
1.090121380
1.091495446
1.092869145
1.094242062
1.095613785
1.096985131
1.098355276
1.099725039
1.101093593
1.102461347
1.103828299
1.105194444
1.106559780
1.107924304
1.109288013
1.110650904
1.112012559
1.113373803
1.114733806
1.116093392
1.117451730
1.118809231
1.120165891
1.121521709
1.122876680
1.124230386
1.125583656
1.126935653
1.128286792
1.129637070
1.130986482
1.132335027
1.133682702
1.135029084
1.136374589
1.137719214
1.139062956
1.140405812
1.141747779
1.143088434
1.144428613
1.145767475
