0.9360853638
1.029684224
1.114602058
1.191472235
1.260894935
1.323438187
1.379638887
1.430003821
1.475010659
1.515108957
1.550721136
1.582243453
1.609768999
1.633336100
1.653508039
1.670774768
1.685555411
1.698208528
1.709040876
1.718314906
1.726255176
1.733046786
1.738840031
1.743784379
1.748007416
1.751617076
1.754704742
1.757347844
1.759612041
1.761553055
1.763218207
1.764647718
1.765875798
1.766930755
1.767832933
1.768605003
1.769266955
1.769835526
1.770324754
1.770746440
1.771110525
1.771425398
1.771698151
1.771934792
1.772140421
1.772319373
1.772475340
1.772611472
1.772730466
1.772835205
1.772927803
1.773009670
1.773082052
1.773146350
1.773203714
1.773254833
1.773300334
1.773340787
1.773376710
1.773408569
1.773436790
1.773461756
1.773483813
1.773503274
1.773520421
1.773535508
1.773548764
1.773560394
1.773570582
1.773579493
1.773587275
1.773594059
1.773599965
1.773605097
1.773609536
1.773613369
1.773616674
1.773619520
1.773621968
1.773624070
1.773625873
1.773627416
1.773628736
1.773629864
1.773630825
1.773631643
1.773632338
