132.7501957
146.0238430
158.0663975
168.9676801
178.8128047
187.6823258
195.6523831
202.7948458
209.1774545
214.8639625
219.9142751
224.3845873
228.2881005
231.6302500
234.4909174
236.9395846
239.0356898
240.8300815
242.3662621
243.6814512
244.8074943
245.7706411
246.5922054
247.2933842
247.8922708
248.4041718
248.8420467
249.2168761
249.5379715
249.8132348
250.0493770
250.2521019
250.4262611
250.5758689
250.7038106
250.8133010
250.9071753
250.9878067
251.0571861
251.1169873
251.1686198
251.2132732
251.2519534
251.2855125
251.3146736
251.3400515
251.3621699
251.3814753
251.3983504
251.4132038
251.4263355
251.4379454
251.4482103
251.4573286
251.4654636
251.4727129
251.4791657
251.4849026
251.4899969
251.4945150
251.4985171
251.5020576
251.5051856
251.5079454
251.5103772
251.5125168
251.5143966
251.5160459
251.5174907
251.5187544
251.5198579
251.5208201
251.5216577
251.5223854
251.5230149
251.5235585
251.5240272
251.5244308
251.5247779
251.5250760
251.5253317
251.5255506
251.5257378
251.5258977
251.5260340
251.5261500
251.5262486
